Airfoils from IEA10MW git on 2021-11-25
8 1
 1.0  21.1  24.1  27.0  30.1  33.0  36.0  100.0  1.0E7
105
FFA-W3 1
-180.00  0.000000  0.024641  0.000000
-175.00  0.118180  0.028073  0.200000
-170.00  0.236360  0.043308  0.375540
-165.00  0.354539  0.098132  0.371710
-160.00  0.472719  0.173032  0.349039
-155.00  0.590899  0.265319  0.380681
-150.00  0.709079  0.372562  0.416280
-145.00  0.738629  0.491628  0.421950
-140.00  0.708299  0.617604  0.426084
-135.00  0.672876  0.747875  0.432363
-130.00  0.629342  0.878001  0.439337
-125.00  0.576689  1.004164  0.448208
-120.00  0.514578  1.122834  0.457221
-115.00  0.443384  1.230681  0.464288
-110.00  0.363250  1.322642  0.470150
-105.00  0.276681  1.397144  0.470979
-100.00  0.185788  1.452474  0.469383
 -95.00  0.092764  1.487088  0.462886
 -90.00  0.000000  1.500000  0.454742
 -85.00  -0.092764  1.487088  0.437266
 -80.00  -0.185788  1.452474  0.418511
 -75.00  -0.276681  1.397144  0.395951
 -70.00  -0.363250  1.322642  0.371654
 -65.00  -0.443384  1.230681  0.344398
 -60.00  -0.514578  1.122834  0.316534
 -55.00  -0.576689  1.004164  0.287979
 -50.00  -0.629342  0.878001  0.259410
 -45.00  -0.672876  0.747875  0.231295
 -40.00  -0.708299  0.617604  0.201415
 -39.00  -0.714412  0.592146  0.189164
 -38.00  -0.720526  0.566687  0.176914
 -37.00  -0.726639  0.541228  0.164663
 -36.00  -0.732722  0.515934  0.152342
 -35.00  -0.738629  0.491628  0.139598
 -34.00  -0.744536  0.467323  0.126855
 -33.00  -0.750444  0.443017  0.114111
 -32.00  -0.756351  0.418711  0.101368
 -30.00  -0.806355  0.352810  0.083319
 -28.00  -0.856360  0.286909  0.065270
 -26.00  -1.019640  0.213253  0.040872
 -24.00  -1.182920  0.139597  0.016474
 -22.00  -1.209440  0.111521  0.006479
 -20.00  -1.235960  0.083446  -0.003516
 -18.00  -1.225360  0.065092  -0.006717
 -16.00  -1.204760  0.048882  -0.008813
 -14.00  -1.183320  0.034172  -0.011009
 -12.00  -1.100930  0.021325  -0.022688
 -10.00  -0.882085  0.013859  -0.043967
  -8.00  -0.629810  0.010754  -0.057559
  -6.00  -0.376701  0.008816  -0.067475
  -4.00  -0.121772  0.007022  -0.076804
  -2.00  0.128101  0.006630  -0.082830
   0.00  0.375354  0.006701  -0.087772
   2.00  0.620524  0.006979  -0.092342
   4.00  0.862375  0.007515  -0.096463
   6.00  1.096620  0.008722  -0.099773
   8.00  1.316800  0.010970  -0.101634
  10.00  1.523610  0.013686  -0.102130
  12.00  1.709370  0.017171  -0.100868
  14.00  1.842900  0.023679  -0.097199
  16.00  1.809510  0.043032  -0.091439
  18.00  1.660330  0.077304  -0.092420
  20.00  1.561520  0.112017  -0.098707
  22.00  1.497395  0.148048  -0.108205
  24.00  1.433270  0.184080  -0.117702
  26.00  1.361945  0.229986  -0.131680
  28.00  1.290620  0.275892  -0.145658
  30.00  1.185561  0.347302  -0.164159
  32.00  1.080501  0.418711  -0.182660
  33.00  1.072062  0.443017  -0.189050
  34.00  1.063624  0.467323  -0.195441
  35.00  1.055185  0.491628  -0.201831
  36.00  1.046746  0.515934  -0.208222
  37.00  1.038055  0.541228  -0.214555
  38.00  1.029322  0.566687  -0.220880
  39.00  1.020589  0.592146  -0.227204
  40.00  1.011856  0.617604  -0.233528
  45.00  0.961252  0.747875  -0.260949
  50.00  0.899060  0.878001  -0.287691
  55.00  0.823842  1.004164  -0.313013
  60.00  0.735111  1.122834  -0.337592
  65.00  0.633406  1.230681  -0.360703
  70.00  0.518929  1.322642  -0.383136
  75.00  0.395258  1.397144  -0.403249
  80.00  0.265411  1.452474  -0.422223
  85.00  0.132520  1.487088  -0.438873
  90.00  0.000000  1.500000  -0.454742
  95.00  -0.092764  1.487088  -0.462886
 100.00  -0.185788  1.452474  -0.469383
 105.00  -0.276681  1.397144  -0.470979
 110.00  -0.363250  1.322642  -0.470150
 115.00  -0.443384  1.230681  -0.464288
 120.00  -0.514578  1.122834  -0.457221
 125.00  -0.576689  1.004164  -0.448208
 130.00  -0.629342  0.878001  -0.439337
 135.00  -0.672876  0.747875  -0.432363
 140.00  -0.708299  0.617604  -0.426084
 145.00  -0.738629  0.491628  -0.421950
 150.00  -0.709079  0.372562  -0.416280
 155.00  -0.590899  0.265319  -0.380681
 160.00  -0.472719  0.173032  -0.353324
 165.00  -0.354539  0.098132  -0.421710
 170.00  -0.236360  0.043308  -0.464826
 175.00  -0.118180  0.028073  -0.250000
 180.00  0.000000  0.024641  0.000000
FFA-W3 21
-180.00  0.000000  0.024641  0.000000
-175.00  0.118180  0.028073  0.200000
-170.00  0.236360  0.043308  0.375540
-165.00  0.354539  0.098132  0.371710
-160.00  0.472719  0.173032  0.349039
-155.00  0.590899  0.265319  0.380681
-150.00  0.709079  0.372562  0.416280
-145.00  0.738629  0.491628  0.421950
-140.00  0.708299  0.617604  0.426084
-135.00  0.672876  0.747875  0.432363
-130.00  0.629342  0.878001  0.439337
-125.00  0.576689  1.004164  0.448208
-120.00  0.514578  1.122834  0.457221
-115.00  0.443384  1.230681  0.464288
-110.00  0.363250  1.322642  0.470150
-105.00  0.276681  1.397144  0.470979
-100.00  0.185788  1.452474  0.469383
 -95.00  0.092764  1.487088  0.462886
 -90.00  0.000000  1.500000  0.454742
 -85.00  -0.092764  1.487088  0.437266
 -80.00  -0.185788  1.452474  0.418511
 -75.00  -0.276681  1.397144  0.395951
 -70.00  -0.363250  1.322642  0.371654
 -65.00  -0.443384  1.230681  0.344398
 -60.00  -0.514578  1.122834  0.316534
 -55.00  -0.576689  1.004164  0.287979
 -50.00  -0.629342  0.878001  0.259410
 -45.00  -0.672876  0.747875  0.231295
 -40.00  -0.708299  0.617604  0.201415
 -39.00  -0.714412  0.592146  0.189164
 -38.00  -0.720526  0.566687  0.176914
 -37.00  -0.726639  0.541228  0.164663
 -36.00  -0.732722  0.515934  0.152342
 -35.00  -0.738629  0.491628  0.139598
 -34.00  -0.744536  0.467323  0.126855
 -33.00  -0.750444  0.443017  0.114111
 -32.00  -0.756351  0.418711  0.101368
 -30.00  -0.806355  0.352810  0.083319
 -28.00  -0.856360  0.286909  0.065270
 -26.00  -1.019640  0.213253  0.040872
 -24.00  -1.182920  0.139597  0.016474
 -22.00  -1.209440  0.111521  0.006479
 -20.00  -1.235960  0.083446  -0.003516
 -18.00  -1.225360  0.065092  -0.006717
 -16.00  -1.204760  0.048882  -0.008813
 -14.00  -1.183320  0.034172  -0.011009
 -12.00  -1.100930  0.021325  -0.022688
 -10.00  -0.882085  0.013859  -0.043967
  -8.00  -0.629810  0.010754  -0.057559
  -6.00  -0.376701  0.008816  -0.067475
  -4.00  -0.121772  0.007022  -0.076804
  -2.00  0.128101  0.006630  -0.082830
   0.00  0.375354  0.006701  -0.087772
   2.00  0.620524  0.006979  -0.092342
   4.00  0.862375  0.007515  -0.096463
   6.00  1.096620  0.008722  -0.099773
   8.00  1.316800  0.010970  -0.101634
  10.00  1.523610  0.013686  -0.102130
  12.00  1.709370  0.017171  -0.100868
  14.00  1.842900  0.023679  -0.097199
  16.00  1.809510  0.043032  -0.091439
  18.00  1.660330  0.077304  -0.092420
  20.00  1.561520  0.112017  -0.098707
  22.00  1.497395  0.148048  -0.108205
  24.00  1.433270  0.184080  -0.117702
  26.00  1.361945  0.229986  -0.131680
  28.00  1.290620  0.275892  -0.145658
  30.00  1.185561  0.347302  -0.164159
  32.00  1.080501  0.418711  -0.182660
  33.00  1.072062  0.443017  -0.189050
  34.00  1.063624  0.467323  -0.195441
  35.00  1.055185  0.491628  -0.201831
  36.00  1.046746  0.515934  -0.208222
  37.00  1.038055  0.541228  -0.214555
  38.00  1.029322  0.566687  -0.220880
  39.00  1.020589  0.592146  -0.227204
  40.00  1.011856  0.617604  -0.233528
  45.00  0.961252  0.747875  -0.260949
  50.00  0.899060  0.878001  -0.287691
  55.00  0.823842  1.004164  -0.313013
  60.00  0.735111  1.122834  -0.337592
  65.00  0.633406  1.230681  -0.360703
  70.00  0.518929  1.322642  -0.383136
  75.00  0.395258  1.397144  -0.403249
  80.00  0.265411  1.452474  -0.422223
  85.00  0.132520  1.487088  -0.438873
  90.00  0.000000  1.500000  -0.454742
  95.00  -0.092764  1.487088  -0.462886
 100.00  -0.185788  1.452474  -0.469383
 105.00  -0.276681  1.397144  -0.470979
 110.00  -0.363250  1.322642  -0.470150
 115.00  -0.443384  1.230681  -0.464288
 120.00  -0.514578  1.122834  -0.457221
 125.00  -0.576689  1.004164  -0.448208
 130.00  -0.629342  0.878001  -0.439337
 135.00  -0.672876  0.747875  -0.432363
 140.00  -0.708299  0.617604  -0.426084
 145.00  -0.738629  0.491628  -0.421950
 150.00  -0.709079  0.372562  -0.416280
 155.00  -0.590899  0.265319  -0.380681
 160.00  -0.472719  0.173032  -0.353324
 165.00  -0.354539  0.098132  -0.421710
 170.00  -0.236360  0.043308  -0.464826
 175.00  -0.118180  0.028073  -0.250000
 180.00  0.000000  0.024641  0.000000
FFA-W3 24
-180.00  0.000000  0.011775  0.000000
-175.00  0.127264  0.015257  0.200000
-170.00  0.254529  0.025332  0.376950
-165.00  0.381793  0.070680  0.384867
-160.00  0.509057  0.146325  0.374294
-155.00  0.636322  0.239558  0.407796
-150.00  0.763586  0.347947  0.443894
-145.00  0.788969  0.468356  0.444642
-140.00  0.747462  0.595833  0.443651
-135.00  0.703232  0.727781  0.446434
-130.00  0.652546  0.859740  0.450346
-125.00  0.593985  0.987871  0.457284
-120.00  0.527003  1.108628  0.464848
-115.00  0.451836  1.218669  0.471128
-110.00  0.368619  1.312924  0.476406
-105.00  0.279708  1.389792  0.477009
-100.00  0.187156  1.447542  0.475272
 -95.00  0.093128  1.484612  0.468721
 -90.00  0.000000  1.500000  0.460552
 -85.00  -0.093128  1.484612  0.441896
 -80.00  -0.187156  1.447542  0.422030
 -75.00  -0.279708  1.389792  0.398563
 -70.00  -0.368619  1.312924  0.373486
 -65.00  -0.451836  1.218669  0.345832
 -60.00  -0.527003  1.108628  0.317704
 -55.00  -0.593985  0.987871  0.289233
 -50.00  -0.652546  0.859740  0.260863
 -45.00  -0.703232  0.727781  0.233079
 -40.00  -0.747462  0.595833  0.202810
 -39.00  -0.755702  0.570067  0.187979
 -38.00  -0.763943  0.544302  0.173149
 -37.00  -0.772183  0.518536  0.158318
 -36.00  -0.780462  0.492940  0.143389
 -35.00  -0.788969  0.468356  0.127869
 -34.00  -0.797477  0.443772  0.112348
 -33.00  -0.805984  0.419189  0.096828
 -32.00  -0.814492  0.394605  0.081308
 -30.00  -0.946151  0.308563  0.063612
 -28.00  -1.077809  0.222521  0.045917
 -26.00  -1.102364  0.187057  0.032464
 -24.00  -1.126920  0.151592  0.019010
 -22.00  -1.135860  0.124290  0.009821
 -20.00  -1.144800  0.096988  0.000632
 -18.00  -1.127970  0.077435  -0.003422
 -16.00  -1.093920  0.061222  -0.005865
 -14.00  -1.059610  0.046672  -0.006521
 -12.00  -1.031215  0.033022  -0.007554
 -10.00  -0.937059  0.020269  -0.022432
  -8.00  -0.673795  0.011679  -0.055829
  -6.00  -0.403909  0.009178  -0.071590
  -4.00  -0.142260  0.008388  -0.081225
  -2.00  0.115804  0.008105  -0.088920
   0.00  0.371129  0.008128  -0.095564
   2.00  0.623342  0.008418  -0.101392
   4.00  0.871372  0.009009  -0.106451
   6.00  1.113250  0.009978  -0.110572
   8.00  1.344960  0.011528  -0.113368
  10.00  1.559110  0.013965  -0.114027
  12.00  1.748340  0.017243  -0.111865
  14.00  1.888310  0.022932  -0.106061
  16.00  1.927220  0.036091  -0.098869
  18.00  1.800550  0.065343  -0.094970
  20.00  1.630880  0.104587  -0.099957
  22.00  1.532165  0.148036  -0.112922
  24.00  1.433450  0.191485  -0.125888
  26.00  1.360750  0.238889  -0.140208
  28.00  1.288050  0.286294  -0.154528
  30.00  1.225805  0.340449  -0.169246
  32.00  1.163560  0.394605  -0.183965
  33.00  1.151406  0.419189  -0.190488
  34.00  1.139253  0.443772  -0.197010
  35.00  1.127099  0.468356  -0.203533
  36.00  1.114945  0.492940  -0.210055
  37.00  1.103119  0.518536  -0.216509
  38.00  1.091347  0.544302  -0.222952
  39.00  1.079574  0.570067  -0.229395
  40.00  1.067802  0.595833  -0.235838
  45.00  1.004617  0.727781  -0.262989
  50.00  0.932209  0.859740  -0.289427
  55.00  0.848550  0.987871  -0.314511
  60.00  0.752862  1.108628  -0.338947
  65.00  0.645480  1.218669  -0.362264
  70.00  0.526599  1.312924  -0.385041
  75.00  0.399583  1.389792  -0.405902
  80.00  0.267365  1.447542  -0.425758
  85.00  0.133040  1.484612  -0.443509
  90.00  0.000000  1.500000  -0.460552
  95.00  -0.093128  1.484612  -0.468721
 100.00  -0.187156  1.447542  -0.475272
 105.00  -0.279708  1.389792  -0.477009
 110.00  -0.368619  1.312924  -0.476406
 115.00  -0.451836  1.218669  -0.471128
 120.00  -0.527003  1.108628  -0.464848
 125.00  -0.593985  0.987871  -0.457284
 130.00  -0.652546  0.859740  -0.450346
 135.00  -0.703232  0.727781  -0.446434
 140.00  -0.747462  0.595833  -0.443651
 145.00  -0.788969  0.468356  -0.444642
 150.00  -0.763586  0.347947  -0.443894
 155.00  -0.636322  0.239558  -0.407796
 160.00  -0.509057  0.146325  -0.378580
 165.00  -0.381793  0.070680  -0.434867
 170.00  -0.254529  0.025332  -0.466236
 175.00  -0.127264  0.015257  -0.250000
 180.00  0.000000  0.011775  0.000000
FFA-W3 27
-180.00  0.000000  0.015451  0.000000
-175.00  0.135907  0.018684  0.200000
-170.00  0.271814  0.028501  0.378098
-165.00  0.407722  0.072505  0.395582
-160.00  0.543629  0.142929  0.394749
-155.00  0.679536  0.229721  0.428569
-150.00  0.815443  0.330612  0.463590
-145.00  0.831277  0.442674  0.455701
-140.00  0.771463  0.561295  0.445791
-135.00  0.713579  0.684047  0.441978
-130.00  0.652789  0.806772  0.439929
-125.00  0.586994  0.925892  0.442566
-120.00  0.515295  1.038102  0.446586
-115.00  0.437649  1.140285  0.450517
-110.00  0.354167  1.227709  0.453853
-105.00  0.266769  1.298890  0.453471
-100.00  0.177258  1.352213  0.451077
 -95.00  0.087605  1.386227  0.444405
 -90.00  0.000000  1.400000  0.436296
 -85.00  -0.087605  1.386227  0.418800
 -80.00  -0.177258  1.352213  0.400223
 -75.00  -0.266769  1.298890  0.378434
 -70.00  -0.354167  1.227709  0.355239
 -65.00  -0.437649  1.140285  0.329943
 -60.00  -0.515295  1.038102  0.304307
 -55.00  -0.586994  0.925892  0.278600
 -50.00  -0.652789  0.806772  0.253030
 -45.00  -0.713579  0.684047  0.227963
 -40.00  -0.771463  0.561295  0.199995
 -39.00  -0.783165  0.537320  0.184328
 -38.00  -0.794867  0.513345  0.168662
 -37.00  -0.806569  0.489370  0.152995
 -36.00  -0.818434  0.465552  0.137215
 -35.00  -0.831277  0.442674  0.120756
 -34.00  -0.844120  0.419795  0.104298
 -33.00  -0.856963  0.396917  0.087840
 -32.00  -0.869806  0.374038  0.071382
 -30.00  -0.984086  0.296421  0.057690
 -28.00  -1.098365  0.218804  0.043998
 -26.00  -1.090877  0.189312  0.032829
 -24.00  -1.083388  0.159821  0.021660
 -22.00  -1.076643  0.133632  0.012940
 -20.00  -1.069897  0.107443  0.004219
 -18.00  -1.054540  0.086904  -0.000352
 -16.00  -1.034316  0.068443  -0.003337
 -14.00  -1.083600  0.047334  -0.002832
 -12.00  -1.094892  0.030849  -0.005556
 -10.00  -0.926646  0.019843  -0.029517
  -8.00  -0.696755  0.014394  -0.048218
  -6.00  -0.436276  0.011549  -0.064832
  -4.00  -0.162516  0.010264  -0.079187
  -2.00  0.107090  0.009755  -0.090407
   0.00  0.371578  0.009677  -0.099533
   2.00  0.631386  0.009929  -0.107254
   4.00  0.886379  0.010454  -0.113846
   6.00  1.134300  0.011399  -0.119232
   8.00  1.373790  0.012669  -0.123281
  10.00  1.597820  0.014604  -0.125264
  12.00  1.791900  0.017767  -0.123700
  14.00  1.926870  0.023850  -0.117251
  16.00  1.885480  0.042586  -0.105246
  18.00  1.721060  0.076715  -0.102916
  20.00  1.547370  0.119141  -0.110171
  22.00  1.459565  0.160515  -0.122240
  24.00  1.371760  0.201888  -0.134308
  26.00  1.353935  0.240849  -0.146041
  28.00  1.336110  0.279811  -0.157774
  30.00  1.289345  0.326924  -0.171046
  32.00  1.242580  0.374038  -0.184317
  33.00  1.224233  0.396917  -0.190521
  34.00  1.205886  0.419795  -0.196725
  35.00  1.187539  0.442674  -0.202929
  36.00  1.169192  0.465552  -0.209133
  37.00  1.152242  0.489370  -0.215252
  38.00  1.135524  0.513345  -0.221357
  39.00  1.118807  0.537320  -0.227462
  40.00  1.102090  0.561295  -0.233567
  45.00  1.019398  0.684047  -0.257806
  50.00  0.932556  0.806772  -0.281264
  55.00  0.838563  0.925892  -0.303385
  60.00  0.736136  1.038102  -0.324952
  65.00  0.625212  1.140285  -0.345814
  70.00  0.505953  1.227709  -0.366311
  75.00  0.381098  1.298890  -0.385438
  80.00  0.253225  1.352213  -0.403761
  85.00  0.125150  1.386227  -0.420324
  90.00  0.000000  1.400000  -0.436296
  95.00  -0.087605  1.386227  -0.444405
 100.00  -0.177258  1.352213  -0.451077
 105.00  -0.266769  1.298890  -0.453471
 110.00  -0.354167  1.227709  -0.453853
 115.00  -0.437649  1.140285  -0.450517
 120.00  -0.515295  1.038102  -0.446586
 125.00  -0.586994  0.925892  -0.442566
 130.00  -0.652789  0.806772  -0.439929
 135.00  -0.713579  0.684047  -0.441978
 140.00  -0.771463  0.561295  -0.445791
 145.00  -0.831277  0.442674  -0.455701
 150.00  -0.815443  0.330612  -0.463590
 155.00  -0.679536  0.229721  -0.428569
 160.00  -0.543629  0.142929  -0.399035
 165.00  -0.407722  0.072505  -0.445582
 170.00  -0.271814  0.028501  -0.467384
 175.00  -0.135907  0.018684  -0.250000
 180.00  0.000000  0.015451  0.000000
FFA-W3 30
-180.00  0.000000  0.024540  0.000000
-175.00  0.142367  0.027502  0.200000
-170.00  0.284734  0.036070  0.378889
-165.00  0.427101  0.073642  0.402968
-160.00  0.569467  0.138864  0.408808
-155.00  0.711834  0.219239  0.442412
-150.00  0.854201  0.312660  0.476156
-145.00  0.861488  0.416408  0.460715
-140.00  0.786053  0.526211  0.443027
-135.00  0.716631  0.639809  0.433482
-130.00  0.647456  0.753347  0.426257
-125.00  0.575846  0.863506  0.425166
-120.00  0.500601  0.967220  0.426124
-115.00  0.421430  1.061599  0.428067
-110.00  0.338424  1.142252  0.429787
-105.00  0.253102  1.207804  0.428677
-100.00  0.167031  1.256762  0.425863
 -95.00  0.081995  1.287781  0.419285
 -90.00  0.000000  1.300000  0.411441
 -85.00  -0.081995  1.287781  0.395266
 -80.00  -0.167031  1.256762  0.378133
 -75.00  -0.253102  1.207804  0.358153
 -70.00  -0.338424  1.142252  0.336955
 -65.00  -0.421430  1.061599  0.314078
 -60.00  -0.500601  0.967220  0.290974
 -55.00  -0.575846  0.863506  0.268019
 -50.00  -0.647456  0.753347  0.245218
 -45.00  -0.716631  0.639809  0.222817
 -40.00  -0.786053  0.526211  0.197302
 -39.00  -0.800706  0.504020  0.181523
 -38.00  -0.815358  0.481828  0.165745
 -37.00  -0.830010  0.459636  0.149966
 -36.00  -0.844934  0.437589  0.134067
 -35.00  -0.861488  0.416408  0.117450
 -34.00  -0.878041  0.395228  0.100832
 -33.00  -0.894595  0.374047  0.084215
 -32.00  -0.911148  0.352867  0.067597
 -30.00  -1.007317  0.285038  0.054952
 -28.00  -1.103486  0.217209  0.042306
 -26.00  -1.105430  0.186749  0.031280
 -24.00  -1.107375  0.156289  0.020255
 -22.00  -1.112764  0.129820  0.012161
 -20.00  -1.118153  0.103350  0.004066
 -18.00  -1.123325  0.081804  0.000173
 -16.00  -1.118652  0.063307  -0.001669
 -14.00  -1.116200  0.047183  -0.001196
 -12.00  -1.095881  0.032802  -0.004634
 -10.00  -0.917674  0.023515  -0.024936
  -8.00  -0.693110  0.017929  -0.043039
  -6.00  -0.453961  0.014306  -0.058675
  -4.00  -0.177791  0.012423  -0.076012
  -2.00  0.104797  0.011595  -0.091212
   0.00  0.381107  0.011381  -0.103411
   2.00  0.650441  0.011564  -0.113328
   4.00  0.913264  0.012042  -0.121539
   6.00  1.168730  0.012834  -0.128279
   8.00  1.413900  0.014059  -0.133322
  10.00  1.642080  0.015919  -0.135991
  12.00  1.838870  0.019079  -0.135138
  14.00  1.974130  0.025720  -0.130200
  16.00  1.993770  0.041569  -0.122652
  18.00  1.917200  0.067308  -0.116751
  20.00  1.736830  0.105260  -0.116518
  22.00  1.605020  0.148776  -0.127209
  24.00  1.473210  0.192293  -0.137900
  26.00  1.416690  0.233393  -0.150160
  28.00  1.360170  0.274492  -0.162419
  30.00  1.330905  0.313679  -0.173527
  32.00  1.301640  0.352867  -0.184634
  33.00  1.277992  0.374047  -0.190501
  34.00  1.254344  0.395228  -0.196367
  35.00  1.230697  0.416408  -0.202234
  36.00  1.207049  0.437589  -0.208100
  37.00  1.185729  0.459636  -0.213868
  38.00  1.164797  0.481828  -0.219619
  39.00  1.143865  0.504020  -0.225369
  40.00  1.122933  0.526211  -0.231120
  45.00  1.023758  0.639809  -0.252505
  50.00  0.924937  0.753347  -0.273044
  55.00  0.822637  0.863506  -0.292249
  60.00  0.715144  0.967220  -0.310978
  65.00  0.602042  1.061599  -0.329360
  70.00  0.483463  1.142252  -0.347529
  75.00  0.361574  1.207804  -0.364814
  80.00  0.238615  1.256762  -0.381478
  85.00  0.117136  1.287781  -0.396702
  90.00  0.000000  1.300000  -0.411441
  95.00  -0.081995  1.287781  -0.419285
 100.00  -0.167031  1.256762  -0.425863
 105.00  -0.253102  1.207804  -0.428677
 110.00  -0.338424  1.142252  -0.429787
 115.00  -0.421430  1.061599  -0.428067
 120.00  -0.500601  0.967220  -0.426124
 125.00  -0.575846  0.863506  -0.425166
 130.00  -0.647456  0.753347  -0.426257
 135.00  -0.716631  0.639809  -0.433482
 140.00  -0.786053  0.526211  -0.443027
 145.00  -0.861488  0.416408  -0.460715
 150.00  -0.854201  0.312660  -0.476156
 155.00  -0.711834  0.219239  -0.442412
 160.00  -0.569467  0.138864  -0.413094
 165.00  -0.427101  0.073642  -0.452968
 170.00  -0.284734  0.036070  -0.468175
 175.00  -0.142367  0.027502  -0.250000
 180.00  0.000000  0.024540  0.000000
FFA-W3 33
-180.00  0.000000  0.031686  0.000000
-175.00  0.152253  0.034619  0.200000
-170.00  0.304507  0.043106  0.379727
-165.00  0.456760  0.071870  0.410787
-160.00  0.609013  0.137140  0.423866
-155.00  0.761266  0.217577  0.459097
-150.00  0.913520  0.311071  0.493593
-145.00  0.916271  0.414906  0.473640
-140.00  0.828672  0.524806  0.451234
-135.00  0.749666  0.638512  0.438456
-130.00  0.672708  0.752168  0.428412
-125.00  0.594669  0.862454  0.425592
-120.00  0.514123  0.966303  0.425297
-115.00  0.430628  1.060824  0.426676
-110.00  0.344267  1.141625  0.428046
-105.00  0.256396  1.207329  0.427006
-100.00  0.168519  1.256443  0.424373
 -95.00  0.082391  1.287621  0.418113
 -90.00  0.000000  1.300000  0.410632
 -85.00  -0.082391  1.287621  0.394807
 -80.00  -0.168519  1.256443  0.378054
 -75.00  -0.256396  1.207329  0.358544
 -70.00  -0.344267  1.141625  0.337873
 -65.00  -0.430628  1.060824  0.315696
 -60.00  -0.514123  0.966303  0.293349
 -55.00  -0.594669  0.862454  0.271300
 -50.00  -0.672708  0.752168  0.249439
 -45.00  -0.749666  0.638512  0.227994
 -40.00  -0.828672  0.524806  0.203024
 -39.00  -0.845640  0.502594  0.185986
 -38.00  -0.862607  0.480383  0.168948
 -37.00  -0.879575  0.458171  0.151910
 -36.00  -0.896887  0.436105  0.134736
 -35.00  -0.916271  0.414906  0.116752
 -34.00  -0.935654  0.393708  0.098768
 -33.00  -0.955038  0.372509  0.080784
 -32.00  -0.974421  0.351311  0.062799
 -30.00  -1.068748  0.278896  0.050924
 -28.00  -1.163075  0.206482  0.039049
 -26.00  -1.155998  0.178246  0.028790
 -24.00  -1.148920  0.150009  0.018530
 -22.00  -1.121713  0.128003  0.011469
 -20.00  -1.094505  0.105996  0.004408
 -18.00  -1.058015  0.087319  -0.000606
 -16.00  -1.022809  0.070510  -0.003416
 -14.00  -0.998100  0.054741  -0.004014
 -12.00  -0.985152  0.040516  -0.002721
 -10.00  -0.895832  0.029290  -0.011979
  -8.00  -0.675386  0.022067  -0.034578
  -6.00  -0.432471  0.017352  -0.054656
  -4.00  -0.158810  0.014727  -0.074255
  -2.00  0.134555  0.013624  -0.092697
   0.00  0.423864  0.013299  -0.108016
   2.00  0.704102  0.013450  -0.120280
   4.00  0.975002  0.013970  -0.130108
   6.00  1.236030  0.014862  -0.137926
   8.00  1.484240  0.016227  -0.143626
  10.00  1.710100  0.018408  -0.146355
  12.00  1.894730  0.022580  -0.145444
  14.00  1.985760  0.033802  -0.141846
  16.00  1.996170  0.053544  -0.138226
  18.00  1.963980  0.077060  -0.133505
  20.00  1.811790  0.111694  -0.131348
  22.00  1.686260  0.151361  -0.138974
  24.00  1.560730  0.191027  -0.146600
  26.00  1.514355  0.231510  -0.159512
  28.00  1.467980  0.271993  -0.172424
  30.00  1.430005  0.311652  -0.183296
  32.00  1.392030  0.351311  -0.194168
  33.00  1.364339  0.372509  -0.199901
  34.00  1.336649  0.393708  -0.205634
  35.00  1.308958  0.414906  -0.211367
  36.00  1.281268  0.436105  -0.217100
  37.00  1.256535  0.458171  -0.222726
  38.00  1.232296  0.480383  -0.228333
  39.00  1.208057  0.502594  -0.233940
  40.00  1.183817  0.524806  -0.239548
  45.00  1.070951  0.638512  -0.259578
  50.00  0.961011  0.752168  -0.278738
  55.00  0.849527  0.862454  -0.296612
  60.00  0.734461  0.966303  -0.314079
  65.00  0.615183  1.060824  -0.331444
  70.00  0.491810  1.141625  -0.348694
  75.00  0.366281  1.207329  -0.365336
  80.00  0.240742  1.256443  -0.381448
  85.00  0.117702  1.287621  -0.396258
  90.00  0.000000  1.300000  -0.410632
  95.00  -0.082391  1.287621  -0.418113
 100.00  -0.168519  1.256443  -0.424373
 105.00  -0.256396  1.207329  -0.427006
 110.00  -0.344267  1.141625  -0.428046
 115.00  -0.430628  1.060824  -0.426676
 120.00  -0.514123  0.966303  -0.425297
 125.00  -0.594669  0.862454  -0.425592
 130.00  -0.672708  0.752168  -0.428412
 135.00  -0.749666  0.638512  -0.438456
 140.00  -0.828672  0.524806  -0.451234
 145.00  -0.916271  0.414906  -0.473640
 150.00  -0.913520  0.311071  -0.493593
 155.00  -0.761266  0.217577  -0.459097
 160.00  -0.609013  0.137140  -0.428152
 165.00  -0.456760  0.071870  -0.460787
 170.00  -0.304507  0.043106  -0.469013
 175.00  -0.152253  0.034619  -0.250000
 180.00  0.000000  0.031686  0.000000
FFA-W3 36
-180.00  0.000000  0.037148  0.000000
-175.00  0.157022  0.040060  0.200000
-170.00  0.314044  0.048484  0.379745
-165.00  0.471066  0.075207  0.410957
-160.00  0.628088  0.140388  0.424243
-155.00  0.785110  0.220709  0.460046
-150.00  0.942132  0.314064  0.495038
-145.00  0.942696  0.417736  0.473487
-140.00  0.849229  0.527453  0.449399
-135.00  0.765600  0.640956  0.435447
-130.00  0.684888  0.754388  0.424391
-125.00  0.603748  0.864435  0.420995
-120.00  0.520645  0.968031  0.420322
-115.00  0.435065  1.062285  0.421630
-110.00  0.347086  1.142806  0.423027
-105.00  0.257986  1.208223  0.422221
-100.00  0.169237  1.257043  0.419880
 -95.00  0.082582  1.287922  0.413987
 -90.00  0.000000  1.300000  0.406900
 -85.00  -0.082582  1.287922  0.391647
 -80.00  -0.169237  1.257043  0.375473
 -75.00  -0.257986  1.208223  0.356562
 -70.00  -0.347086  1.142806  0.336504
 -65.00  -0.435065  1.062285  0.314985
 -60.00  -0.520645  0.968031  0.293318
 -55.00  -0.603748  0.864435  0.272004
 -50.00  -0.684888  0.754388  0.250908
 -45.00  -0.765600  0.640956  0.230283
 -40.00  -0.849229  0.527453  0.205748
 -39.00  -0.867314  0.505279  0.187470
 -38.00  -0.885398  0.483105  0.169192
 -37.00  -0.903482  0.460930  0.150914
 -36.00  -0.921947  0.438900  0.132487
 -35.00  -0.942696  0.417736  0.113159
 -34.00  -0.963444  0.396571  0.093830
 -33.00  -0.984193  0.375407  0.074502
 -32.00  -1.004941  0.354242  0.055174
 -30.00  -1.059000  0.279589  0.043644
 -28.00  -1.113059  0.204936  0.032114
 -26.00  -1.083654  0.179640  0.022397
 -24.00  -1.054248  0.154343  0.012679
 -22.00  -1.018361  0.132008  0.004929
 -20.00  -0.982473  0.109672  -0.002821
 -18.00  -0.941726  0.092489  -0.007413
 -16.00  -0.893331  0.075974  -0.011069
 -14.00  -0.854715  0.060541  -0.012501
 -12.00  -0.823480  0.046412  -0.011773
 -10.00  -0.795409  0.034410  -0.010821
  -8.00  -0.636498  0.025482  -0.027694
  -6.00  -0.390949  0.019940  -0.051068
  -4.00  -0.130708  0.016534  -0.071481
  -2.00  0.161726  0.015070  -0.091788
   0.00  0.459562  0.014649  -0.109883
   2.00  0.748677  0.014813  -0.124769
   4.00  1.025442  0.015440  -0.136484
   6.00  1.288220  0.016541  -0.145400
   8.00  1.530900  0.018310  -0.151175
  10.00  1.739260  0.021499  -0.153103
  12.00  1.870650  0.029662  -0.151206
  14.00  1.879100  0.048244  -0.145621
  16.00  1.863590  0.069924  -0.140948
  18.00  1.733240  0.101659  -0.137106
  20.00  1.593570  0.139159  -0.140821
  22.00  1.530325  0.174592  -0.148874
  24.00  1.467080  0.210024  -0.156927
  26.00  1.457710  0.246013  -0.168357
  28.00  1.448340  0.282003  -0.179786
  30.00  1.441985  0.318122  -0.190629
  32.00  1.435630  0.354242  -0.201472
  33.00  1.405989  0.375407  -0.206931
  34.00  1.376349  0.396571  -0.212389
  35.00  1.346708  0.417736  -0.217848
  36.00  1.317068  0.438900  -0.223307
  37.00  1.290689  0.460930  -0.228659
  38.00  1.264854  0.483105  -0.233993
  39.00  1.239020  0.505279  -0.239328
  40.00  1.213185  0.527453  -0.244662
  45.00  1.093714  0.640956  -0.263420
  50.00  0.978411  0.754388  -0.281353
  55.00  0.862497  0.864435  -0.298134
  60.00  0.743779  0.968031  -0.314580
  65.00  0.621521  1.062285  -0.331072
  70.00  0.495837  1.142806  -0.347499
  75.00  0.368551  1.208223  -0.363446
  80.00  0.241768  1.257043  -0.378900
  85.00  0.117974  1.287922  -0.393109
  90.00  0.000000  1.300000  -0.406900
  95.00  -0.082582  1.287922  -0.413987
 100.00  -0.169237  1.257043  -0.419880
 105.00  -0.257986  1.208223  -0.422221
 110.00  -0.347086  1.142806  -0.423027
 115.00  -0.435065  1.062285  -0.421630
 120.00  -0.520645  0.968031  -0.420322
 125.00  -0.603748  0.864435  -0.420995
 130.00  -0.684888  0.754388  -0.424391
 135.00  -0.765600  0.640956  -0.435447
 140.00  -0.849229  0.527453  -0.449399
 145.00  -0.942696  0.417736  -0.473487
 150.00  -0.942132  0.314064  -0.495038
 155.00  -0.785110  0.220709  -0.460046
 160.00  -0.628088  0.140388  -0.428528
 165.00  -0.471066  0.075207  -0.460957
 170.00  -0.314044  0.048484  -0.469031
 175.00  -0.157022  0.040060  -0.250000
 180.00  0.000000  0.037148  0.000000
Cylinder
-180.00  -0.000001  0.600000  -0.000001
-175.00  -0.000001  0.600000  -0.000001
-170.00  -0.000001  0.600000  -0.000001
-165.00  -0.000001  0.600000  -0.000001
-160.00  -0.000001  0.600000  -0.000001
-155.00  -0.000001  0.600000  -0.000001
-150.00  -0.000001  0.600000  -0.000001
-145.00  -0.000001  0.600000  -0.000001
-140.00  -0.000001  0.600000  -0.000001
-135.00  -0.000001  0.600000  -0.000001
-130.00  -0.000001  0.600000  -0.000001
-125.00  -0.000001  0.600000  -0.000001
-120.00  -0.000001  0.600000  -0.000001
-115.00  -0.000001  0.600000  -0.000001
-110.00  -0.000001  0.600000  -0.000001
-105.00  -0.000001  0.600000  -0.000001
-100.00  -0.000001  0.600000  -0.000001
 -95.00  -0.000001  0.600000  -0.000001
 -90.00  -0.000001  0.600000  -0.000001
 -85.00  -0.000001  0.600000  -0.000001
 -80.00  -0.000001  0.600000  -0.000001
 -75.00  -0.000001  0.600000  -0.000001
 -70.00  -0.000001  0.600000  -0.000001
 -65.00  -0.000001  0.600000  -0.000001
 -60.00  -0.000001  0.600000  -0.000001
 -55.00  -0.000001  0.600000  -0.000001
 -50.00  -0.000001  0.600000  -0.000001
 -45.00  -0.000001  0.600000  -0.000001
 -40.00  -0.000001  0.600000  -0.000001
 -39.00  -0.000001  0.600000  -0.000001
 -38.00  -0.000001  0.600000  -0.000001
 -37.00  -0.000001  0.600000  -0.000001
 -36.00  -0.000001  0.600000  -0.000001
 -35.00  -0.000001  0.600000  -0.000001
 -34.00  -0.000001  0.600000  -0.000001
 -33.00  -0.000001  0.600000  -0.000001
 -32.00  -0.000001  0.600000  -0.000001
 -30.00  -0.000001  0.600000  -0.000001
 -28.00  -0.000001  0.600000  -0.000001
 -26.00  -0.000001  0.600000  -0.000001
 -24.00  -0.000001  0.600000  -0.000001
 -22.00  -0.000001  0.600000  -0.000001
 -20.00  -0.000001  0.600000  -0.000001
 -18.00  -0.000001  0.600000  -0.000001
 -16.00  -0.000001  0.600000  -0.000001
 -14.00  -0.000001  0.600000  -0.000001
 -12.00  -0.000001  0.600000  -0.000001
 -10.00  -0.000001  0.600000  -0.000001
  -8.00  -0.000001  0.600000  -0.000001
  -6.00  -0.000001  0.600000  -0.000001
  -4.00  -0.000001  0.600000  -0.000001
  -2.00  -0.010000  0.600000 000000
   0.00   0.001000  0.600000 000000
   2.00   0.010000  0.600000 000000
   4.00   0.000001  0.600000 000000
   6.00  0.000001  0.600000  0.000001
   8.00  0.000001  0.600000  0.000001
  10.00  0.000001  0.600000  0.000001
  12.00  0.000001  0.600000  0.000001
  14.00  0.000001  0.600000  0.000001
  16.00  0.000001  0.600000  0.000001
  18.00  0.000001  0.600000  0.000001
  20.00  0.000001  0.600000  0.000001
  22.00  0.000001  0.600000  0.000001
  24.00  0.000001  0.600000  0.000001
  26.00  0.000001  0.600000  0.000001
  28.00  0.000001  0.600000  0.000001
  30.00  0.000001  0.600000  0.000001
  32.00  0.000001  0.600000  0.000001
  33.00  0.000001  0.600000  0.000001
  34.00  0.000001  0.600000  0.000001
  35.00  0.000001  0.600000  0.000001
  36.00  0.000001  0.600000  0.000001
  37.00  0.000001  0.600000  0.000001
  38.00  0.000001  0.600000  0.000001
  39.00  0.000001  0.600000  0.000001
  40.00  0.000001  0.600000  0.000001
  45.00  0.000001  0.600000  0.000001
  50.00  0.000001  0.600000  0.000001
  55.00  0.000001  0.600000  0.000001
  60.00  0.000001  0.600000  0.000001
  65.00  0.000001  0.600000  0.000001
  70.00  0.000001  0.600000  0.000001
  75.00  0.000001  0.600000  0.000001
  80.00  0.000001  0.600000  0.000001
  85.00  0.000001  0.600000  0.000001
  90.00  0.000001  0.600000  0.000001
  95.00  0.000001  0.600000  0.000001
 100.00  0.000001  0.600000  0.000001
 105.00  0.000001  0.600000  0.000001
 110.00  0.000001  0.600000  0.000001
 115.00  0.000001  0.600000  0.000001
 120.00  0.000001  0.600000  0.000001
 125.00  0.000001  0.600000  0.000001
 130.00  0.000001  0.600000  0.000001
 135.00  0.000001  0.600000  0.000001
 140.00  0.000001  0.600000  0.000001
 145.00  0.000001  0.600000  0.000001
 150.00  0.000001  0.600000  0.000001
 155.00  0.000001  0.600000  0.000001
 160.00  0.000001  0.600000  0.000001
 165.00  0.000001  0.600000  0.000001
 170.00  0.000001  0.600000  0.000001
 175.00  0.000001  0.600000  0.000001
 180.00  0.000001  0.600000  0.000001
