15.316404354034292,87639.59239693421
20.943220992690442,85823.29461338039
19.264522691428578,87072.46835777082
14.277528236692872,75871.08429498988
18.058568939421484,87127.33105882094
18.332810984787272,89045.57373027242
18.188907463886142,82673.49462123719
20.035446857127965,87652.08535175471
20.111572301837935,86295.73208006106
20.080024225652064,83874.9773975309
17.59426845807397,89758.42948521077
19.89519799238052,84287.37572687311
19.31779218206384,87591.61389216274
13.728434405388324,72930.52061174755
14.849837087871043,81497.88831024172
15.767210085300185,87144.09919693455
19.27733858741499,86463.21689905686
19.069956597629897,82853.06509528497
15.846051415076602,86955.7904684697
19.697859237403193,88370.06880958965
20.693991752949376,86209.60956327063
17.536783805253986,89814.64177122858
14.698190147337119,80301.47614536379
16.980408754541845,80532.4604532371
15.408428676098275,87111.91946581626
19.37448930067906,87853.03902912747
15.288097726706045,87691.23243049724
20.000123410336474,86268.08890963838
19.22358456742572,87663.51625291212
15.723705815783898,86318.53175232066
19.48369764594148,87861.29073411619
13.556254682122617,75173.77594030397
17.576288524720844,89267.7009326678
19.480300574763913,87864.53626768818
15.986374855975882,85178.88281694014
14.811339463055148,75431.21933087817
14.586315380240253,81649.05291982832
15.218173427507462,78405.08419519778
15.3187303329287,87592.49251049131
20.31430084554597,86350.42868444679
14.475265327944594,75809.48091738034
20.13403583254821,83438.53836882184
19.061635707951794,82971.30637745038
20.91232347357594,84972.62420871956
20.184004692361636,83299.05792260183
17.265092142639766,80293.73286198138
20.052947103932738,83691.24700380531
16.00302181078467,84027.83031344629
18.691209388677645,81995.33104265624
19.237779993170665,82211.49491360906
17.94184791122484,87523.34498157904
20.583203029154284,86207.72736223158
14.523646167617093,81538.156743745
19.57560256360302,87809.77347178264
20.190290845228407,82913.17970632637
14.822299925716946,79172.19547070362
15.48945357501514,86955.98703679875
16.691238100844544,83525.79185492324
18.918150128014375,82924.37517633071
18.846640654264174,81797.92292300783
15.596491126602997,86582.99317459099
19.433946461373658,88723.09584887074
15.326530929003479,87635.20259537021
13.557758353393602,75001.40335061544
17.75252118170914,82500.17580226419
17.85459877023329,82883.85103622793
19.875666069458866,88239.6165670676
17.54762373901307,88974.98860482915
14.622772614194655,80882.21699075811
18.64461415718059,83299.64207874131
19.244546418440336,82059.84624199636
13.725300585884433,72528.37053009855
17.58780729492282,82050.35858740649
14.494025799582833,81474.83627793142
18.816575029368625,82715.64179789246
19.094026350627203,81691.2396674944
16.648914063321932,83056.98387186455
19.243070664096273,85032.66081657208
17.505140291287475,89723.54273309742
20.048084216182986,87251.57939718665
19.21974120345522,81874.2773882795
15.097796827907594,84305.89814874332
13.637629812821746,75432.84730706169
19.941114162621474,84145.77598300725
15.357724368212,77989.34539164462
19.894827894319363,86225.49438580999
20.15249195584756,85611.53017706398
18.816894717125972,83029.28126275926
19.519551430673562,88613.7903187031
15.556505527172106,87385.66036249671
14.945881725808439,84813.0186111164
18.67278220898092,80726.37968368859
17.752018293997466,89754.0371433284
13.57953222871381,74798.11955271331
19.677483348320663,88479.67707583969
15.416280268649597,87554.52194056372
18.29737268534636,85896.77902849726
20.00275701771942,84296.23033776006
20.227126269920674,87141.91307964576
19.758878821081097,87733.38159252607
20.15994133118646,86358.03682639927
15.26669504506611,87676.87347399507
18.349757951067183,85426.2670616371
19.828187589583862,84379.57156125776
17.493962289833455,89116.94341087349
16.90545053006738,83383.87963955017
15.84646940816766,82937.55802374284
19.10954846619598,88968.52719070758
17.347016880130802,81691.69763607028
16.89632798281001,82169.3364216986
14.78113726014224,85029.72462250138
20.129864031943377,84562.03010091258
14.971862896507037,75256.83213805986
15.96498932731706,84449.51454171336
17.86567395918335,88341.21019885785
18.881992935708375,83184.67945525605
14.87057909973842,81434.49204596027
19.09182407965829,83058.2808375807
17.830100641928247,82652.05556685581
19.069887424163664,88792.94749504566
18.90756657630852,82397.67005276679
20.186355055919577,81859.49360352353
19.314636143134322,86900.41196008444
19.083878968921603,88541.85836043625
19.038760485465925,88675.56053155348
18.906153126809706,83148.90131237837
18.257507448359846,82578.5401696652
13.593440509729533,74246.51048062195
20.133065854949095,82417.58834985063
20.10815968002101,85456.13276773653
19.165499617644066,82727.21816631788
17.812578573828045,82871.22808925921
18.474741973845525,82318.56880110131
19.883752408554976,86152.31234441447
15.800461763760996,85461.32643876455
19.195528254269643,88980.73368228135
18.89318688465006,82586.72804687949
15.526125163938,86795.29113920506
18.526697110818134,82165.40634279142
16.922988621369193,81659.66831827398
14.750916562166555,84906.35800152995
17.762243572159285,82412.74288209426
15.02141747836035,84920.09069607328
17.774498682808353,87773.07445399009
15.218865375252108,84109.04203116574
20.250736916090734,87397.07346000639
18.750351910750503,83290.44086141491
20.01879806906812,84799.68010005908
17.793075872774786,82861.83810214055
15.015944140025843,84568.8490312221
15.207941372762319,84638.78100185891
17.994501971286773,89522.86300469938
20.10915473620871,83864.48799926185
15.241152809684845,80759.4305661844
19.346737388459132,86220.35746312913
16.567561029462272,83623.50019994451
18.930531288455988,83267.4887772023
16.965758940310756,81930.27379336588
18.7850909833706,88107.11400844884
14.98120453479056,84699.04522678434
15.825465320684733,83195.95087749929
17.358775531907884,79868.27660898826
18.92483111741805,88406.24916417131
19.871671707115276,84199.1436947284
16.012921824490228,84849.28356036174
13.691167088436526,73627.54073084625
19.31157597969161,87853.70913229563
15.38296815838233,74592.03951889758
14.494981850934233,81404.83977507582
17.827770010640858,82890.40427641306
19.894346478498736,84329.04625720129
15.875854441867716,82610.83446290951
17.968412308675745,89598.91824698492
14.688917699427158,79791.66960268971
14.54505071015075,81579.77621909312
17.05061343855978,83288.91327727589
19.933083718906204,84306.59788186476
19.064582950217503,84281.3715600213
15.437897924174866,87245.27296311838
14.867979759553224,81349.24106528153
17.36543110985677,89667.37048459327
20.38337284125313,85433.41322131129
19.194076191360057,86674.23194350905
19.245027398446275,85669.13929010421
13.6880205764685,73291.52244658995
19.271472242624824,87835.35832813592
18.79649261629558,83269.44671149428
14.138282711212918,75907.08358133977
15.259235682330933,87702.46223068892
20.123234953101335,82657.68466011749
14.84314959346425,79472.62788905235
14.502142841166968,81292.89343410317
16.597050248331737,83315.36690946971
17.602136080706785,89796.4451109196
13.613720850860043,73966.92344388663
16.791021323753487,82788.32126734362
16.791022941351912,82609.9805869816
19.88637904389507,87527.95786767411
20.771773430905128,86064.64896675819
15.177832225096493,84473.00200545293
14.391612768562737,75835.51414437874
14.594191341694106,80519.06188862212
14.625683832782135,80728.2168038513
15.48776148321882,87442.76050872964
17.65659883636745,82852.9905173081
19.873528898143263,87629.77807680897
14.72588742453753,80082.72599908538
14.616896109978109,75677.79521322723
18.10247370165227,86340.91613606336
19.167201739263447,88908.67281233241
17.397718126532624,81465.10747872782
14.552830514789477,81653.55121389
16.87569853170281,83503.96916929325
15.738744938558561,86800.83629948812
15.02088348220772,81243.2889291654
19.596503292998943,87730.21228069608
17.773321187324726,88771.257085449
19.868177627990555,81557.21366588055
17.33212002836111,83031.10555885869
17.39037323702512,89620.63529266012
17.819229646286875,89684.1424278158
18.287366989685395,82722.8206780056
17.513933974758192,89394.00461954794
15.618246724671563,87256.17030130955
21.16822400959674,85485.61224594113
19.143603867219543,82530.35945046465
19.60687077049935,82956.55424095335
20.112709624466873,86301.32287449308
19.99643297669116,87875.25711429294
17.32875147357238,89544.59213402262
20.14867856386818,82135.1961667633
15.302231417804697,80542.79424447413
15.466520949875319,83680.5100303315
14.50188579798096,81195.2921721833
20.012779291429403,85866.01902521057
17.711619227206693,82183.47026186934
16.652364940417257,83213.30656270901
19.90531224516024,84119.1463174632
20.499736565056864,87041.75863385863
14.764005547516458,85104.03371183181
14.03153671070829,75887.08386380629
18.387054158710576,82460.95461061754
19.911930927525795,84325.78913854547
15.409000358565006,87688.5456344655
18.86713833168185,82827.59866902971
19.267937202808348,88772.36361067563
14.891559709947707,85006.72706766766
19.136836726291897,88871.71309959027
20.031473325741782,84222.71637459344
18.191522469028634,89364.63657668
15.009063111837499,84870.66537054811
19.90797673484011,83564.70206060375
17.058363834657783,81123.98259959232
16.902494320939894,83452.23634661012
20.453198602572463,86254.97634538218
19.904743984410825,84005.2112060401
15.272497239837538,74850.62690097696
13.739867215106546,75661.68387088108
14.560721871995986,81608.47911351564
20.067140347638578,85040.74325552641
18.597063549159635,83236.8099079361
19.802842604412216,83328.20271456044
16.7017969647381,83591.3813469487
19.81518067781507,84376.59984434023
19.91745847594437,84239.52839727432
17.714634402839582,82669.42365899667
16.624054000559937,83382.80824227462
20.186412874719224,83105.0085880436
14.842489139340458,85096.76490768019
19.991828839761997,84010.66506424148
18.870123233659832,88268.35720658676
18.075558873483402,89235.45142161107
20.715190361345424,85794.17055268495
16.59094458038755,83600.9695508082
16.635620131217948,83466.86581657088
14.65832770506583,75583.55191842024
13.88474677067855,75831.5217931233
17.233420520441044,81297.83945125656
16.207224146194896,82274.30114151521
20.06872638376352,85250.7306963325
17.247572836608946,83157.48570337288
15.224980418086915,84322.57316695887
19.982024607993367,84061.62236785438
16.984015172624673,80844.51911408233
19.008681827252367,81457.75260100041
15.630660153671075,74311.18965501383
17.713061715428097,82302.15813589536
20.02066031832851,87390.75374355655
17.789828978059496,82753.31658793453
18.20213359556474,82769.68341966778
19.146279244753806,88899.24188431191
15.097612299715777,78791.26023902014
19.785557191855748,84396.15778337797
19.400459982600985,87345.53883666091
18.798118658709942,83172.43460620342
19.96803546457035,83977.67391005838
13.63232635472541,75306.44756543849
21.020671338155665,85656.68843677788
18.0062641937527,82434.09988909755
19.162414592177115,88944.30536824858
17.663702629089144,82817.17034165657
19.345740564301188,85342.804010066
20.64928416771867,86141.35073600744
19.305156934909842,87221.18775899573
13.570521429112759,74552.37851888538
17.071834105306223,81026.53106553218
16.328116538335692,81556.54522850421
15.129006501315514,75067.36105324584
16.706901206852834,82937.88954653783
15.75140490172528,86076.7604885753
15.050060010984536,80982.22924068631
13.839526131789865,75877.07458731046
19.09427440212341,84704.31909725707
19.140001253891548,82382.39259902318
15.295376461574481,87484.11280847744
19.171770299831863,82646.00134095893
20.91045798080671,85944.2979341326
18.42617183085018,88845.82238652595
18.94833321537775,81221.91000464388
18.75497176007805,81021.76124604628
20.118064521203436,83735.28382649497
16.127518884652844,81955.98841739775
14.838037449813372,84822.09525380493
17.388844997035967,81900.37419502698
19.289195923827798,87779.21885889678
15.307334545949178,87395.5763965089
16.64403841042564,83437.532511515
17.86642266635922,88058.6999239618
17.37467865533499,89707.98171517733
20.02250037519634,85985.28810898149
13.75952572204531,75767.88140689493
20.05228191692561,85729.20111755986
19.295436281086022,85947.52988996729
18.769020712498946,83124.75634280195
14.645112366771256,81612.04782267948
15.436174064406222,80284.2805765055
14.795902174179204,85084.89609147047
17.0206349176241,81348.40919772194
19.863954201957693,86098.71525145034
15.780141224994047,86581.37567390068
15.417172695513866,84068.08711164015
19.397405526684775,87456.75393729603
14.814660047466198,85048.96631467475
19.797841569510474,84388.85265117802
16.89182830289912,82407.38159084358
14.942150560342927,81147.41172603151
19.174590726770802,88957.88649963221
14.747144604813432,85112.00549859194
17.23895575811415,80654.36517178823
17.715861813362416,82855.66778627576
15.755940869546386,83425.17178017812
15.092637245342157,84448.12452242663
15.281116695390278,83901.54405989478
14.399245751082521,75787.57319667526
18.011381850608508,86734.47166277381
14.636304986221699,81024.31991554488
20.13277486202133,83588.63362148593
17.80471063106043,82843.29084987103
20.579677676572878,86555.97566382051
15.307669311331104,87545.20487084318
14.766772222142816,84979.87411429101
18.91791453220138,83234.57574688856
19.436335428958262,87853.11593332034
20.083463805231585,83724.79109027804
17.714926118301047,82606.44599471166
19.96840651109322,88086.30282279788
20.49071368010985,86869.9183572488
19.157383860621593,88858.9267016901
17.83853860442129,88545.32021316132
13.721699550355142,75575.21578989118
20.488371672987764,86277.17817359889
15.769266725743073,85803.904835261
