16.52086665453511,21988.317886240722
14.602051628680693,20846.960815949562
16.107359824110787,19606.726616488497
18.07843557595005,18077.51663754116
14.547560037260398,19884.40449486732
15.68944398372419,23557.263857761427
16.94478158702035,17334.78625426077
16.703454351520246,19874.509293247596
14.986932806736391,19799.294594497936
15.237534019301302,19641.004020851076
15.526457235160567,22261.06477722596
15.778473443623401,19167.999197774967
15.990276840074802,20121.983169011422
16.30398743085096,15743.020559866247
17.22825149040753,20063.78000622893
16.19854200995365,22711.605385395742
15.62794725662308,19273.46535700571
15.038724766039362,17090.64233347698
16.03213238051709,22805.569276410497
16.216417456587273,20360.305631474606
13.880600345883892,19440.262920070832
15.554371109664253,22441.820144148078
16.215032883779976,17820.568668823304
13.780334445198871,15525.853835703612
17.238384375795132,20256.365623570004
15.259333646778199,20702.39654687382
16.966880155844528,21634.914252375573
15.059448815362384,19554.59794374262
15.825379643266823,20259.63451367445
16.789533587613278,19788.177070884703
14.912204372111919,21107.771183190132
17.26660616890562,16506.121831973964
16.890971151398418,20986.179918273123
14.965651837835615,20981.292211568918
15.69873207814841,19411.255271138805
18.568372678460065,18923.709061770227
17.039971756516053,19737.96603030854
15.532793960063584,17236.04316011856
17.671537880402752,20962.52806896268
14.885436607547778,20036.346847205798
18.6421401584184,18379.604110043692
16.8968255066387,17505.72880987393
15.13914808747559,17185.741203169266
12.982769269287058,19240.494096890616
16.805206877497632,17421.93613198692
14.628225944704758,17899.18510441909
14.972420194646705,18079.89151312725
14.281132718468296,19178.266763055668
16.825745924091148,17632.86085306134
14.360820632868927,16674.717241047983
14.873882460768858,19937.039992655435
14.70942034257155,20394.798223695285
17.37103863342337,19062.617818535513
14.751503700733334,21365.40277506916
16.6585427451356,17270.864642278175
16.223701242740255,17396.837635924236
17.087305948933874,20129.732670233017
15.769953230117373,19834.84456084997
16.153481838235614,18401.111372707383
16.831444783803317,17672.267617311554
17.38641918202348,19862.746663197777
16.166226532102286,20805.079231828644
17.554580118960228,21126.109093228075
16.703904704241463,16421.05018147594
14.423832907825455,16320.428205266155
15.629863768166956,16894.085419782055
16.47423096740132,20219.513642184902
16.69048218428176,20659.751498551203
17.331053144472865,18153.694172229865
15.736532948843719,17969.940386632432
14.268295317104013,16604.374306764596
15.574742512107772,15719.354071195128
13.839650204750471,16023.835651791098
17.418260680923712,18901.813680478288
16.22567246506702,18544.070634202468
13.891916696107987,16470.01057874329
16.337612146776276,18948.285150061456
14.310249092283822,18925.052385162562
15.56322459451801,22072.508899289307
14.542267613266144,22009.87311935912
14.001611026821172,16535.97630071603
15.106403969849001,18687.931751736476
17.45293005426098,16794.582277688718
16.886701084652287,18150.660355519376
15.614903485249352,17179.37652705358
15.193202754553475,19428.024487034614
15.939002607977255,18726.527763305814
16.14547564029811,18324.943130809817
16.08803958506411,20650.65621978201
16.114701733749165,22434.481939798745
14.196150380859777,20716.29264272962
13.369711264417848,16203.951619514577
15.396450513701978,22790.374691419376
16.681701751601388,16298.376502113611
16.04203168829893,20511.783669359138
16.200058168608415,22151.841136818974
13.63189114431539,19681.30314379944
16.643549709179403,18377.114212333356
15.255316169281453,19664.267539525194
14.534548297982074,21613.425421648404
14.989246606746397,19920.322007044844
16.838086838749813,21799.72561671254
13.240310972391846,19621.82498296191
16.211497582174985,18725.985466968712
16.829358459288258,20824.668447675907
15.352808887047868,20759.478243527137
15.341336110095638,18065.475187347114
15.870532270321894,21923.78137883992
13.673456737305692,15878.279401329757
16.001942613895523,18372.607939870664
14.282638369282564,19574.39223556397
15.575120946205907,18270.12601435859
18.62969187924353,19077.041816354642
14.705656384851526,19259.24069466353
15.9501190154153,20273.201123776184
15.3856773326388,17481.354641246166
17.357438930198892,20204.20025784011
15.249753713748964,17283.6429578042
14.664301187753498,21372.645626730995
15.462834256783182,22380.3779069563
15.886500878126778,18672.363257651035
16.080553475002716,17021.102167775985
16.010920072210382,19494.140314336404
15.48352799756895,22620.668697390647
15.491465188842595,22502.648404644737
15.301229247486326,17383.077946048063
16.9612085996649,17403.40933441234
16.946870564259758,16075.901315018997
16.524324770836273,17140.077987545614
15.832440630031977,18632.73049315897
14.966694999144213,16998.188931742163
15.437840556135122,16811.549450651877
17.0611091949102,17524.58506821007
15.282323886357283,19307.373619255428
16.11649288464276,19505.89120384697
15.821062504014076,21774.853506122025
16.048160601652242,18615.405810022345
17.57453160827874,19970.40495155892
17.056145423013845,17576.961108420197
15.978201837512163,18214.212519259763
14.43306411896349,19297.433253238418
14.297642632767168,16242.363953046803
14.10416870241524,20475.599368531253
15.345032955203516,20070.440267249818
15.204258007389049,18578.953549906968
15.898031505767076,19758.629288237054
15.48623235738653,17681.98322084487
15.681293012265279,18361.921441041908
16.15083372724859,17054.087011507578
14.735806022037899,18923.60885118571
14.153886580878048,20832.606625182296
16.03774557165826,23231.134227516122
17.001864885557573,17815.728510902176
16.456859887952625,20882.6026404437
15.477765760101724,19183.98043486781
15.62821419415429,20146.7113224051
15.509890804670167,17773.799993756777
16.560447175415064,18288.578162454476
15.491981230237556,22935.18926935654
14.654368489872367,19041.3076023178
15.236218923526215,18156.276395094254
14.447157442760625,17832.03547801971
15.654543474450634,22725.15600797098
15.465284726037707,19371.059507117443
15.207240453119109,19342.9790285999
16.05986848032096,15923.242471153157
15.010287654335443,20845.652703482338
19.16649629481212,19446.190256314432
17.331490434443346,18745.90895945398
15.83911181230295,16976.831978963055
15.83905271727392,19069.62574830924
14.849524171269632,17989.62539781237
15.35205454989691,23099.658293872577
16.504384340243043,17611.652404272685
17.264089470575662,19227.293380728686
14.859598975529979,20869.794206332575
15.265167689210196,18202.003165646674
14.146182260864776,18771.028737570647
17.509619242484284,20379.96688195452
17.00833091509381,20371.080318263663
15.754179753981145,21702.28611907833
12.965665241189276,19315.139710514257
15.871961171054737,19382.421386400325
15.016670703184591,19052.99528098885
16.25652133725694,15822.454985460892
15.478351496347091,20553.326888487918
15.6648271092525,17873.21528982104
17.951205094211787,17924.65469507027
17.14810437632501,21461.99275863973
16.583636956245897,17204.032619312533
16.406674166175506,17499.259396756926
17.325457820722246,18595.841600799882
16.16303655165251,19226.80509329359
15.492628063295015,22613.42172029994
16.647395221992056,15971.63365297043
16.41855009019073,18689.597696887256
16.365168720121645,18568.185784928424
14.610121595847536,21844.749351607243
14.667296892392631,20629.766802155595
14.116249750192214,20934.456293938063
18.287682712808305,18227.541817201807
16.721120119130198,17926.961154275334
17.07062157099471,18026.1621006246
16.11576758421812,22293.36880217469
14.67807320641473,21247.219058442755
14.54320778500955,21735.651994489832
16.18886716214582,17702.01074680081
18.501001175142726,18697.504471146654
13.98974720644385,19731.631301517198
15.639308410411461,22081.618773381728
13.581725509103775,15804.058674772896
17.161931193796097,19562.132311438116
15.340642457969999,20467.25891262751
15.832036849475783,22908.830521326803
16.723798002515498,20533.726347656477
14.69191376370934,21481.405006013083
16.53054965368857,20506.23409744689
15.665050150718724,16956.956449687095
14.656547873027005,21126.177954798288
16.05082029140145,21506.241521076317
15.100457865685115,22953.411634943957
16.793957747746028,17265.32672735495
16.593953835954306,21161.483347059788
15.978618342271421,22587.237683009138
14.487772257542616,21030.00580331381
14.597988399448347,16831.820758500366
14.830262265807024,17960.652848288057
15.039011943852225,19678.145035424277
16.610985903722508,19994.143629835064
16.26147706996266,21331.857453405923
16.25689686774767,17079.573729405878
16.48907402707619,20959.338523629613
15.472683439490146,18356.80035280733
17.30983164972171,18455.05717434935
15.68941485435101,18948.750284756723
13.979467229718505,16103.44162362289
16.13861647105397,19075.058419957648
15.340128792505487,19467.643045189307
14.48756776881913,22092.007995673834
14.220347125854264,19851.645549990397
17.745103685194838,17767.870935233783
16.932420074598706,17468.276632793204
16.470252429358478,18498.569179157683
17.338463139232715,21292.132824622917
16.245448556100982,18481.628994632418
16.250951111756795,20963.327379765
14.163405362381999,20367.905946352075
15.472557672422276,22229.526664766003
16.64787229644183,18267.68214757658
15.520387091880714,23343.56621296652
14.174331054412178,20597.77940333996
15.175254413266224,19778.463848889427
13.556248460586286,15664.905949612006
15.3841956375824,20622.81551570905
14.762299486325478,20272.421934240807
15.032449549743696,18134.905271346113
19.16178151560112,19308.373263647703
17.259822194633564,17120.2688121334
17.104458097754808,19397.47387882329
15.739186514203288,18452.620205900446
15.832725767941366,18064.389080560577
14.937405865551792,18016.025640731645
15.577874251873878,20304.86499975376
16.36935635819524,18614.049534480713
15.51854582071607,19279.965929590395
14.66939502719923,16479.29119911522
16.191006370260347,19368.736250782567
16.744442470171602,17348.55007923574
14.187937567322301,20116.619758043904
15.11891312609765,19560.145499933908
15.509893288846078,22830.44902847874
15.635380735167306,23442.69082721344
13.24775039539663,19389.944108498814
15.62268667178202,19989.17050279303
15.909242843466298,19676.261885980402
18.33857585192757,18817.881513785178
17.412874583888748,17450.242178377535
13.563577069176922,15736.266111797024
14.712605170925407,17894.028519635933
15.79976592689751,18538.77632654058
14.62407675286144,20991.397793491742
14.236172917296454,21008.816236283583
16.96219986240097,18035.02880812902
13.649332274914347,15602.029090019052
13.720323222433812,16399.130988848636
18.702168915412706,19512.751299968033
14.102235006666472,16174.51821391131
14.664846188808724,21917.84771491082
14.85345779392173,16560.717018849347
16.550857597328708,17196.84712261948
16.127575294856204,21286.699930857147
16.172387876839892,17337.165416483356
16.116701249548246,18840.801552727098
16.112746440571463,19841.272549173045
15.849132821329377,18154.708559858023
17.15414145940656,17914.800326838296
17.438017483076216,16640.75133387405
14.542607737392492,20945.942196814365
14.832211109642511,21484.66155462488
15.991030682503391,21458.801744925186
15.012398733796918,16637.725129324437
14.562367694373911,18986.455947444043
14.713078036603324,20513.704211921988
16.1259718780846,19718.376796472625
16.896175295016207,16151.874912355015
15.6764409254402,17995.945565642603
14.715686272939706,17752.666260672515
18.68336804861083,19207.2317884502
16.36861401599228,18820.446966551095
16.867105940119295,19669.38038733775
16.415788620846268,20779.23894466663
17.648577841035653,17609.17673446299
14.19600281966569,18846.642375798063
14.440095860614743,16753.939995621382
17.867023955986753,20651.566635986987
14.6864212141457,16915.07843816906
14.50610463277088,20739.143841483372
15.538245577809452,23633.145158714273
13.595534586850206,16329.849849963153
13.455225788921666,16263.719752475268
16.95013445918054,17705.58453088916
14.80974112186515,17806.524812178795
14.576043282392076,19165.818249017633
13.77808928933787,15951.280329948942
15.662154465823434,20410.213656937514
17.728798133577065,20514.939487321943
15.978984822586671,19521.43631209922
15.841905664022104,20139.852721822528
15.68327181567921,21890.872923440464
15.482925393971497,19064.78365621467
17.392117236170627,17284.249938574518
15.760240896691514,18843.569124580994
15.372229970796244,19112.12781954007
16.06490949235048,18243.204339394557
17.148234304291158,19909.81221815538
16.69439270459076,21074.88572881766
14.231646143949883,19714.895394075662
15.859926601634672,18087.904534969923
15.37035426053859,19194.727011801526
16.059409546829848,23039.740672881482
14.197919234688218,21100.363084187244
16.012298645817168,19981.843216120353
14.209630235035046,20245.680313069628
15.896644590150736,18954.206882684433
16.203076920147737,18446.974476129988
16.58182044575848,20671.34438500821
15.886605576163067,21610.714792772473
14.129514541640267,19985.40085533975
15.109637285489612,17923.984443865156
15.159064784121757,16723.273370270545
15.271118642463149,18257.61501383518
14.97079984029731,18801.1079916253
15.379816269392443,18461.810948921684
18.577218211067493,18548.00156784588
14.308915048573123,19777.815337842218
17.42752586508127,18309.878106717882
16.87132402806745,17606.393665716256
16.379967531719117,17126.318625060994
14.5583095266176,19494.93256809232
17.76539742762546,20807.486083707357
14.39067172884981,19432.533862942193
15.428081316794591,17583.76986948537
14.856003926454683,21231.74525601667
15.237086327432227,19707.296277761907
14.560980346526847,16399.288520396134
16.34581595186428,20095.154059490564
14.758400654295425,19580.984045285673
16.20426489227372,21128.974088518004
16.270416608130265,20396.181396869055
17.294823151667902,16957.84773824092
14.843674370162065,20155.992222955392
16.60662112674194,19633.719766397895
