8.647204864547788,11375.191440319632
9.108246767466465,10550.681768509818
9.060544120726341,10835.067242617495
8.192540787227891,10716.245743877456
9.011894163735136,10683.50969727428
9.42782743434361,10880.353622322124
8.391026438369975,10462.63393276729
9.03891806464975,10887.015725688329
8.994622583246242,10832.020623505472
8.886523454629371,10432.305327910568
9.203507523909826,11280.313651387985
8.855897600991561,10623.070325302926
9.10886432418145,10940.671153238796
8.03111264170289,10084.44988317722
8.319369563514158,11108.360023590645
8.660402095362764,11163.831277900521
9.024990824176907,10700.50234016011
8.479819237588597,10625.620057688913
8.663967028098197,11100.023233534896
9.096158228702546,11062.81059192933
9.007022942522958,10527.286247539007
9.221254431201562,11264.362896749642
8.182310205755169,10943.78457761544
8.137981882787557,10205.68404203105
8.531414837012438,11323.56716245255
9.161009543549795,10965.670485214963
8.62715707731292,11416.988341858196
8.971890965983254,10842.986271420143
9.121792781640146,10954.376567371608
8.452483665492853,11131.368784749957
9.199494262323178,10931.861277254091
8.08973923680356,10622.967275112347
9.107542315722494,11226.480129264733
9.18685864353478,10948.16194040238
8.416575258955298,10826.461205648317
8.24310647288133,10507.888509744203
8.306377878762795,11157.267464510525
8.120576047884427,10485.404737680563
8.587419866940978,11431.43560067026
9.018598882247538,10802.492440135666
8.205212744020038,10671.363674295566
8.678779860740992,10577.377634920565
8.492556871228242,10637.441352754864
9.027414865814885,10241.948429793938
8.661180187285334,10541.569186842058
8.483478176910399,10346.731825688199
8.778273970458404,10344.278824762572
8.408465299022286,10533.083421280011
8.407820242455777,10250.747249457325
8.401551013526944,10509.455925941396
9.028202686368072,10774.949128578548
9.056358921435748,10722.858366280656
8.27654428869522,11189.370064643514
9.228052502015856,10883.435694827665
8.623841909002449,10458.043829415397
8.129442271769344,10666.84936182046
8.513498579768122,11285.246770267699
8.624206818921234,11033.616079823532
8.57652297003431,10445.989682619489
8.41123595719618,10198.422365854767
8.469492673794747,11189.835388497833
9.147751852966053,11130.036859722346
8.59738603904657,11436.125636892637
8.078204542430884,10582.734803214993
8.288665323424873,10587.103399215202
8.358254081471038,10597.306782327034
9.083247969739471,11027.949796148017
9.079688201587729,11156.582708058919
8.22113056994889,11077.461385927514
8.560598292158724,10595.926324198888
8.38382371820898,10474.878006232693
8.046638650157234,9980.02570577942
8.235348221828712,10499.772669681755
8.267843885686903,11184.129031139633
8.578365690806876,10359.704957418922
8.346296016412595,10394.518912062274
8.561967355258552,10978.509673967055
9.01082399805511,10369.753027431272
9.187406032698071,11290.196225538872
9.349313749372302,10606.741048482276
8.365727631314718,10436.584872540767
8.167696475969061,11206.243809581443
8.11692335900498,10684.937218745661
8.763565890522262,10706.523934201026
8.118350142254442,10385.598027775943
8.960659249239562,10841.554089314486
8.891852162065668,10737.26077930839
8.57440549365177,10483.611766447042
9.130453916150117,11113.410708639065
8.65622281934587,11268.083738367855
8.290372983159621,11082.781382524285
8.27222217555642,10191.060578049204
9.254411127755208,11213.986844007512
8.066593393749674,10535.397497749527
9.112994434219285,11091.13499373641
8.653121310801275,11345.085112357527
8.970588750604323,10361.926564918282
8.78692183924091,10716.767383468561
9.015310747018724,10761.450089697115
9.258778768426113,10813.887729978072
9.006485694178112,10819.558611396735
8.637993546431838,11399.078847522047
8.978515754036707,10240.371121836864
8.818475224418119,10701.420753351806
9.094331686984962,11194.717354005585
8.680818666117947,10897.52608371384
8.089505316821354,10929.109929010992
9.246756957078407,11091.480499276237
8.206757192828439,10433.824006232719
8.514809624457985,10780.845020788252
8.235798875945903,11302.95183813634
8.82581568618564,10524.730857476014
8.256194203457625,10450.032761049024
8.416024058017783,10635.720182966168
9.052844414392162,11001.449191205451
8.525765821261643,10650.250595394304
8.324587204915929,11075.838983535112
8.504782823796173,10645.498335879447
8.799046983088026,10614.64210560848
9.28850155211071,10985.377960396576
8.57584677748948,10259.116920974233
8.540625325430785,10244.632162907947
9.047350739930366,10795.753770557785
9.329569537215612,10880.490057849827
9.301993029058579,10936.645808741538
8.515773227599432,10649.739979401063
8.394121828429384,10427.283412486933
8.037557668229272,10418.22129619856
8.583586512093738,10358.778726153294
8.881073389612858,10703.800457875786
8.466110606159933,10609.988585077386
8.35043469983642,10606.875767214637
8.40159735887697,10346.015209524769
8.949322341765402,10835.610860763241
8.421111358221705,10912.949507782838
9.233097505443823,11114.102509124928
8.576392428712483,10311.015756088336
8.493083145045064,11240.892404920798
8.405188375309493,10300.138985984608
8.504192094079396,10660.116926656727
8.219308079248306,11299.04993770693
8.276155673188054,10570.858529624202
8.279293565718683,11166.787145372109
9.036744628251085,10859.13479577993
8.152581636988666,11173.362709779816
9.027197690241913,10827.492560652929
8.542456867463777,10639.88718071725
8.840457771950117,10576.357309480205
8.371960721155153,10567.101544978723
8.190357211138991,11257.856857932991
8.298687275305564,11032.152334264503
9.327257897944529,11083.331562845651
8.724572722190663,10660.386925579474
8.356007690791241,10814.493075207569
9.019179084175793,10644.743292481991
8.64236436755511,11010.422395956663
8.549527770781054,10629.033992690576
8.510653819020837,10723.514391648645
9.39868060084419,10675.28575839728
8.200636005855964,11276.385120702558
8.096722729467128,10989.229549637965
8.48969637847169,10253.224663440727
9.35249488661502,10818.743970945572
8.870935136029669,10558.982246018604
8.420893112639178,10733.199701808458
8.024510481963155,10268.067059690457
9.173934675932427,10959.459459258871
8.318512962478648,10229.768234648389
8.258673369526317,11173.631507899627
8.36547019656637,10584.040245822067
8.847538953367021,10648.863494382163
8.090240971421984,10863.129483574936
9.30669294520585,11133.871144426577
8.148234561129815,10820.734084624106
8.284524520388509,11189.384989475362
8.70320598126779,10853.422925274137
8.811196790189499,10468.676988227697
8.999207991290767,10204.93484326129
8.5457294259372,11356.479478855694
8.333241303105073,11037.263529921122
9.159373985924208,11292.262099586398
9.013310380214273,10342.548283453181
9.03446021471197,10750.946100901676
9.011648730023227,10517.58688612384
8.026457448050103,10180.60960531326
9.147989578307234,10966.930677100903
8.555313889430847,10614.364781972616
8.186284694192722,10730.389742442245
8.617068137610516,11429.015714646155
8.604105492564802,10410.341901520587
8.130229413723569,10748.413880497217
8.249486979895302,11157.75173386735
8.585613722933836,11017.658804938721
9.238871106345679,11242.438392136795
8.024355111532598,10347.964635009974
8.53432463597942,10917.504513805869
8.52304851266337,10878.23257869038
9.295298369666641,10722.284625034452
9.081278108945554,10646.22315132798
8.310332151995887,10975.67041551638
8.19881546654041,10696.659526991123
8.200549607754109,10994.794970084578
8.211126198273522,11039.51660741945
8.655017855741097,11309.463934780066
8.774945231614684,10683.379858680106
9.275826670974194,10770.947023311499
8.16266947090129,10886.029702893296
8.218981083544692,10603.097147559038
8.975144074064078,10478.269382180499
9.262555064095293,11062.545042448266
8.190827277112486,10395.208316518454
8.29914197785305,11173.501063427875
8.661063119933818,10965.486388018171
8.675324686711118,11028.197267977754
8.335649710785876,10992.849498623722
9.242957380468257,10851.351873208112
9.067915290395936,11111.98799471559
8.518441089141907,10182.350941869052
8.74063841877012,10747.086531829747
9.145972166013454,11284.630002617861
9.276244973874391,11177.899093435914
8.38716646888645,10494.271553799292
9.120177658080214,11251.901204253752
8.660334040471575,11219.948729796251
9.132483363510508,10436.88110662988
8.435508363378581,10567.30948191131
8.744554474759616,10204.052088995959
8.983241322522364,10839.800801911912
9.052797132751163,10940.05211253895
9.132632241980621,11271.178914123528
8.562317028260136,10303.494182310564
8.375814474545106,10738.756570550264
8.12033881056804,11092.433603351721
8.240519870256367,11136.377366674213
8.915438000808592,10790.277741645441
8.249435496743681,10527.169681176461
8.57485505087645,11000.60403917942
8.877297532836685,10520.797755805394
9.377232694142673,10540.621146077163
8.250369901287183,11288.249295901009
8.179535931101874,10739.264312060837
8.398003815588325,10388.455782178316
8.797715083698755,10715.761614719428
8.607218129032997,11435.346647815573
8.577846308789958,10404.648842979497
9.163678164633957,11141.18443594304
8.274474186710535,11201.017437871633
9.27731683712808,11027.208865301223
8.775513431108756,10713.699905592184
9.362199800516326,11023.781614886339
8.284393156879796,11127.548605171136
8.888281328047151,10328.350338572438
8.163398656251223,10307.425143574594
8.670025434641145,10934.547352727162
9.043215806613704,10754.22236460555
8.794858310251387,10408.409762050174
8.289912674985523,10311.612386422014
8.141602915461096,10724.106887467293
8.291933860966857,11184.124114651866
8.854450502806035,10623.435225401961
8.564872391678794,10573.63166266623
8.761259347217532,10276.110695814703
8.650676788612014,10990.897027237545
8.808245487026221,10710.655791341618
8.86380855927177,10593.109480541545
8.311738628176881,10608.469253656318
8.595500253270426,11029.347115388755
8.642724141816494,10501.788024839512
8.263277456698937,11254.465642942818
8.883000079899901,10478.504014746051
9.37717437275441,10750.187849176014
9.393338254922252,10956.687114226217
9.010175943749346,10437.6579444653
8.633572287226636,11024.62675488396
8.615422418343265,11037.281928319197
8.229267620088088,10559.018940432781
8.163033888994313,10741.79991214861
8.176679811040735,10353.130881761677
8.083772178225134,10792.78739267841
8.86765356594572,10665.918356558517
8.72040446984818,10803.482797301836
8.325875818645017,10913.46225141943
8.75112519689614,10695.262649132626
8.150006974464794,10258.235734504506
8.327274489346907,10348.860215057222
8.355664933203336,10137.635708288028
8.26305463125093,10550.858151867305
9.320127527003212,10667.565820323623
8.322512342686053,10613.577854178537
8.382720150770414,10522.198696099893
9.193570360924749,11147.034541613306
8.12609508678375,10579.37818804069
8.828287216160373,10688.073417279604
9.083799105452101,10897.933549477282
8.568410642523652,10547.45490510482
8.738026739803704,10679.868256210495
8.10347426411823,10656.918105100125
9.120585913389931,10496.030955661416
8.833791241497313,10538.776802781378
9.207698693678854,11141.691663469817
8.33240641094027,10615.01298695967
9.012238090179997,10445.989521716065
9.068814183223056,10686.886325830197
9.072780243069987,10869.026268812859
8.05107580923965,10480.866528031505
8.490840763860547,10515.344498120014
8.064446482446527,10638.651076759083
8.271415497648231,10384.15299262651
8.548688632256205,10950.78444465166
8.440559208816055,11065.959755459382
8.341330015377576,10881.947109721235
8.171865685503215,10743.059116826036
9.006547108225302,10289.30032722835
8.418889867561573,10540.274328676
8.567483571329806,11405.56513331255
8.451126650033334,10590.540661083589
9.09446315366905,10600.839053321179
9.4449956152668,10796.206431640014
8.308999756921041,10299.708846011401
8.290352573982616,10247.065104109797
8.710511986389,10636.764321774643
8.072792227197333,10718.084189281399
8.210222429605327,11290.094496090487
8.221106238989822,10468.668674057204
9.13486862210069,10963.148782144097
8.55683436159561,11384.006642260632
8.605559893426737,11035.901888974706
9.048463513255214,10933.988693343923
9.173095665345965,11294.167392258314
8.926947721101147,10809.971409603178
8.152945286436406,10735.526352060435
8.903887358469309,10766.016273056746
9.014446528292602,10583.936379523884
8.571506504738501,10517.458111547769
8.313590749530066,11135.52716339155
8.402784472392124,10654.72576849636
8.243264391874568,11297.95545986365
8.500246003318768,10590.355911294848
8.938182985226128,10825.059730445486
8.6933165491327,10948.69755194542
8.342922468752159,10845.946984830563
9.096747046377164,10921.833161238796
8.26902537224455,11230.244671629262
8.837836755487775,10670.530675550744
8.51629685222986,10832.809687459727
8.335619524129182,10941.108730475746
9.221322696121002,11130.626715545575
8.25693496978728,11273.824109065288
8.487391313988235,10433.884867437879
8.34167343463099,10612.784294961748
8.107766016695837,11043.616092889304
8.180100077819583,11234.448287228453
8.135733409607358,11135.588358064502
8.211304137150137,10640.235453514932
8.989986560562091,10584.735980247875
8.23116520584368,11109.563072563225
8.695278593924765,10609.062447884557
8.37779034738233,10546.466999336275
9.01082129082495,10610.526170576675
8.577592110050492,11421.321401536947
8.227808401659615,11303.299305018887
8.534463702067363,10646.953697004805
9.213832175223764,10910.146605358972
8.88827720626555,10382.22732755022
8.300397441623597,10599.63663961941
9.070065985385057,10986.830427298355
9.01483216175273,10688.43311241857
9.178874728818116,11146.851392603507
9.060628454342488,11060.57505450817
8.129761658980952,10707.332691406415
9.030511346923154,10780.723214069323
8.430639849276723,10992.772379561255
