16.871892795876253,16864.462684866343
14.646511779853608,16765.43672725107
17.726214344547245,18230.62990209092
18.936278257957916,23524.145106021893
16.84377545510423,16665.827174844977
16.87329941092577,20182.756162370926
16.620443110621814,20855.442461968756
16.115785961012534,17982.57570880421
17.59228428249602,17007.2717701407
18.53014995859119,19814.264304193726
18.870985659969435,21105.95883353717
18.46224668521558,19873.469442835492
19.314645649484493,18472.278143704876
20.240863375044494,19121.373025091296
18.656667347048096,22960.43984410212
17.27652727001704,20411.137734544725
20.3578435456875,21348.76003486947
21.586463895390857,20421.857494649972
18.361794811297692,18942.88511640956
17.825758684878586,19258.177469986513
19.31655772631821,21914.603202970844
16.83895935712829,20582.936871090067
17.616295483517156,16992.90484942207
16.143470653963554,18567.004631161148
17.47756066640877,23346.723839829996
17.22112051110071,23383.987574355866
14.29756647660689,16376.531443758577
17.667299455331317,17909.543017460623
15.841746361254447,18235.935713798695
17.13613314473472,16397.336438697075
16.768083283225586,19095.974366294213
18.335558515437693,21356.36593489416
19.249088164763684,23240.717574288818
18.768957926331666,22048.133666047208
14.56772878837224,15531.301726619999
18.478954334082932,19966.006403439544
18.488530613102427,19163.23266372156
18.44000912059795,18311.205704504217
16.665772850575053,17985.463960339745
12.69114947991575,15665.339548830067
17.87104258201618,18173.582900307207
19.084531601057087,19667.211119118823
17.22697502575355,15904.926466873303
20.03661343960026,18918.68453160523
19.11542371740626,19823.599376692495
16.37533849886604,16158.158696476232
15.9729339433312,17588.46246047812
16.40121532267776,20325.579242022464
17.94037367850332,19303.072577593273
15.404078644287235,19037.0192170225
18.06404954533616,18999.809147921558
17.623540488485325,22470.990598519013
17.09635465772408,20613.008143364692
17.32375056690619,19861.09209512321
16.990465578227152,18233.150957912043
19.768357224867408,18694.676019016522
16.807029893433786,18577.083747894645
18.067688495804894,24222.248039673403
18.058088926254904,19399.861168871426
15.316302643173623,17502.762419900355
20.941357562250165,21083.710468394613
18.213192641241832,19531.5057302758
18.032959321412164,19416.757858898454
18.727889759398714,21808.120720262432
13.744894372125293,15622.514649641176
17.672848592758065,19724.4508435552
18.82744460838086,20335.26675115045
18.87551072225716,23086.295023328123
17.228638644830355,20611.273644039484
18.30246412700898,20616.14629440723
18.626224036878806,19053.82805164961
18.63796401681477,20107.190575523346
17.51556898520559,20801.30305810453
16.61171085412876,17095.129882477835
13.554395355693897,16174.25109223155
13.336723374331234,18625.366088266488
17.680255988722347,19956.057529425852
14.639514738454308,16494.11034332281
16.300244905961105,16953.337370378707
16.461735135212585,21124.922139134273
15.346166150414929,17090.125813260955
18.457741127617147,19763.337371289694
19.17592336987697,21425.52412181845
18.916864015170567,21472.654790813664
13.753630927735426,18608.74260726756
17.90711138896188,21582.541180242068
16.094340048954596,16315.88293558815
18.199635357242485,20976.39399170356
17.935407451583345,23944.181443131485
18.444450525256407,18593.977219361033
15.64085108988791,17870.3468082271
18.29397301982261,19340.545682253032
16.525557393061074,18252.229735229674
15.170690515026848,15875.1288318086
19.045357612251134,22095.949645562043
18.36508937362982,18798.244681672397
15.123167420069723,18028.437630018925
17.74476477479067,22670.395300578282
14.941004438894616,17625.303863930203
17.87330682326297,21923.51097050218
17.414924750732435,17077.04278536786
14.564124684084554,17561.638767808
16.65770646949572,23780.315683722918
19.424799961110374,22113.915591992365
16.828808164130677,18774.92152921391
15.567124821507264,18117.015661838566
15.044461777187902,16142.392011873906
16.074348830889328,17687.811862510993
17.408427324492855,18639.549665354643
14.19681838205096,15833.03476996467
18.85824386986984,21268.595537804285
18.655343540946568,18275.585750696497
16.16414337798266,16992.2975389029
21.450409264279173,20084.21556958589
18.866485508340755,21137.88327141341
18.623137661153336,22043.95673401306
19.030018680647046,21870.57221199781
18.93882760944988,20411.31736534665
20.331945598653128,21229.866199791173
17.77876103051324,20049.43836494242
19.18306210360172,19161.981882484317
18.31905169473581,19259.754811315757
18.004704709280553,19189.21132014406
17.29441256071314,17197.446100716978
18.014229933166,21320.806233044634
17.22031409000357,17509.579982599713
17.627976208000717,21090.211099052096
16.824035165515312,17315.837039465612
15.958557624326161,19200.46812419167
15.40968304861603,17879.23668883717
16.25153023668003,18302.09387927153
15.081945154046933,17067.62041580434
16.832657033978677,15984.613288227472
18.753083406051516,20953.542835525863
18.487273237872245,20111.918444262086
18.36174799600185,17608.680182709162
15.679089439686809,17983.055577302854
19.403575910933956,19019.348299630903
18.976073349849436,20163.698807564164
18.463247956793396,17321.965822917737
18.255620033931557,18777.212060999605
18.351030761346923,19517.602544761714
17.753083116767748,17505.707525502778
13.41223579751701,15753.421659534197
17.71566962271116,19075.55883910993
18.45172208989899,20563.341612696036
15.466491746817924,18363.690213965707
18.529188206145065,22567.76818697151
17.287280426198066,19854.376162428318
19.511692059110793,19149.404405577818
12.005095393516685,16948.177960053712
18.028569596248317,18638.924451942992
17.29086790398907,18617.904345684776
17.363986689651234,23128.13152324641
15.92962602905494,17253.08467485786
15.28645906085854,19403.333597360164
17.26455066658214,20352.08385676053
16.57804690718284,18446.32209341457
18.702457350192677,19642.65297968279
18.806255824585136,20199.047808263065
15.105125350879689,16912.45816723474
17.866243396444922,18413.74710880674
16.95736982442267,24080.673007059966
14.692645249335236,17588.088797736887
20.87900066676673,19512.46777006635
18.77470681859009,21328.846647218532
17.162848842355167,23290.654446054934
16.03720117982828,18082.985627113623
18.74870968664301,21984.171989040256
17.80377575274761,17729.89289788417
18.287795390343643,21620.345902192432
17.863296045349337,18348.294932066157
16.51377129701239,16468.29651594295
13.622703867449612,17245.18931369575
17.663528647775102,17294.451785148023
17.44890631456945,18169.707367589846
20.510169135192992,21540.34769952958
21.363009008867465,20784.00476137655
17.598854847725228,21633.0991742895
16.98976917069652,17094.997220475445
13.58683659156148,17147.13121933009
20.826795919513962,20950.906629691584
18.115617533252802,18535.868859872426
15.65539972559916,20584.752764693134
18.84870863578697,22976.92576899073
17.43084230469476,21778.89357427653
16.122708000394844,16533.794024453277
17.810812352468112,18963.07062789994
15.14694522077513,18771.320338991598
15.484774154810378,19608.94129116876
15.777733376585717,17114.691810777804
19.412978792301338,21176.79291656903
17.038484888112748,18385.422129649574
15.529861077671338,17719.786519784655
17.937875991056785,20220.443545290073
19.011943743177635,20411.109933845182
19.245522349042844,22701.742197489864
16.23512376286132,16309.636246996097
19.888395868856,22266.97993392843
17.79426365103586,17950.062054702837
17.951647133300227,18612.013340435846
16.949859659141744,17613.00068936048
17.804141487178917,18807.20471616549
15.779583595567797,16938.918003903833
16.504591998000777,16815.432364172542
14.885635630626549,16512.813247414466
18.69970407758018,19863.385455101612
17.36104530098786,20600.640473880074
15.584252633380974,16772.7192794632
17.462951930207154,20846.204755400235
19.731544372610657,21752.37581389366
16.879395079562414,18113.44258611559
16.215346297441293,18285.319730774696
14.254881970548553,17436.900293467756
17.93523083486176,18783.039459831485
18.16358201782336,18865.272062519074
14.778008582606809,15815.60400577605
15.672811906632269,18551.310435782187
17.681299489959205,18903.43095017149
18.249438247058468,19175.15873970082
14.289787606928503,17450.00699165105
19.95092068537047,21358.022297955147
16.004795014335606,23609.039126109274
17.45227552656201,20413.51326185427
17.37074571834704,19440.565849961036
19.50681336904114,20004.77105639002
13.101734772407191,16990.784481877785
14.498414313767217,16264.678156130765
17.197661982619202,18569.197103132876
18.09337059988289,19714.598409101367
17.205656342777758,18453.493169684563
18.48178293586877,18439.86905987206
18.037857940147347,16989.78419960865
18.223425751042203,20355.4272903717
17.727694623727665,19497.886508060816
15.12611693901164,16630.482354622894
13.2588712001215,18576.376070389204
19.130776534915597,19903.51337940077
18.864335985631143,20931.459619521025
16.6603568024844,17933.985725759925
17.16088092094678,18277.62906418373
16.979602826440534,17920.610256881802
18.21289143379024,19648.217406216252
18.2022911325476,21560.319770123348
19.256349708641707,20741.618271330677
17.767184373114798,21340.812949787607
19.385339732038897,20628.827891959885
18.24122162735113,20219.006203497414
19.50828904888959,23424.025296483254
13.368871129967975,18773.02088405755
16.460174382170948,21926.305412517286
18.185177181308465,18920.24444795602
18.56523771801762,22261.339078103516
21.66845865131298,20260.83054275886
17.296676332032767,20102.51522158936
16.256379872751474,17806.79029076192
17.9230506349433,18641.799499605757
15.665300407364551,18010.679847628333
17.245240412200836,18387.79074296108
16.760322951021877,17754.622916240514
18.513585053492786,21437.236509692855
14.992923837231643,15241.185156910851
18.146256616631014,21825.174241386663
13.796004964014898,16988.477066430576
16.077121104960234,17443.295471208203
14.840971124694914,16067.774089377865
16.997846727580978,16639.806212565556
15.02338350676221,15653.421994330592
13.341158718392787,15751.15169644558
16.82612154402262,18097.535569819764
21.123107916275256,19710.61149338851
20.03737477590839,22460.60356465679
16.69288145536004,19290.0946236808
17.43184594010848,18444.662678111843
19.646205740729165,21549.216979988963
16.827764010916646,16473.91473290445
17.46564728015754,19602.76326324272
13.596114580619668,18696.39169520318
16.812616560300164,22183.87691652275
15.345279027818382,18169.466234081985
16.354369332221133,17765.776714952706
17.334507946439402,19808.754164987207
17.863365217446663,19023.784097855685
17.35095336888802,20318.610684922704
17.120338324733467,18361.808426466647
18.926943881256204,20672.079945075475
13.258207413256606,18954.67317317307
19.44749093414112,19405.181048389357
17.93556697059368,20371.382992867962
13.900808999374487,15469.50899329983
18.07417586711476,19028.692133125696
18.003503936844773,20526.787420779918
16.418726438779323,17402.593480706128
21.226693166672874,19903.91525052448
19.007863976253127,21180.109910402134
15.729542376229116,17750.94751932355
16.963872814204912,18142.920731006387
13.945719171409333,16639.73836159383
17.75296585344818,17927.417872283062
17.401426321987223,20001.054686740346
15.514150330422318,15999.335417416012
15.059181330235242,17919.253955123724
21.91061312923874,20586.289619159903
18.805205301177153,22338.1793359667
17.536862824536634,18875.34137833034
18.287370885227826,20021.00734200987
14.6140990341217,17961.490929955587
18.71122835719612,18963.568426123453
16.34862070286473,17630.26895727309
17.778999203077596,20165.60628512693
18.67190304366623,22793.388983166908
17.634102302725147,19188.305170262567
18.11824016277776,19523.220756480216
15.5303990475133,17245.178512383514
19.017399989664938,21655.77178960071
14.248171070852802,17468.528851820793
18.839102066705408,21553.350315338306
15.94152055702832,17285.936328562897
18.10265796001254,23081.661626701924
16.70131922234191,17179.35283056644
13.075984704912798,17139.909430573738
18.312505047733545,19603.359024872072
14.850596450632622,17708.240188759053
17.58663938660688,19652.883493779966
18.379606994749814,18093.56399061306
14.515178105341924,15512.648837778037
18.93825601866201,20556.394437839343
18.29933786304907,21142.10777962635
17.681077089085445,18821.653071521927
20.361669201633525,21454.233090522794
14.145761938147556,17348.939902573915
20.02267642358117,19046.242537370945
19.08081912066287,20981.779701972817
15.535545502921103,17251.641722573433
16.099437056978978,17854.13142925432
13.629954127382401,17231.402312872004
16.473090874849106,17579.906260511718
20.527950368301667,19319.53565898977
19.350965054000895,19649.250158044495
13.035386576599482,17028.782882597385
17.873689100692978,18409.833805369322
17.174210321870778,19466.943099733973
13.749104663631709,16951.215515709446
16.76984551191849,18776.443250263656
17.35180594402707,18755.32972645862
17.074087525263593,17761.946457675112
17.265734213359757,21445.614858931855
17.003867592208927,18271.905537824045
18.50404170920052,17748.201421796606
18.565145477322577,21706.318329571637
17.58362315217503,21844.408276110513
17.511226989562466,18843.289660449427
19.081138939258153,20765.33426096658
19.23869709989523,21675.931444325055
17.284819586932244,18978.945141109434
16.988349262990926,17180.344624521713
15.519713042975566,15235.17430534798
18.005819020110913,18541.66689947436
16.25810224775018,17456.80064544947
17.379293990388227,22431.524909983735
15.772743823368614,17423.47806946274
18.09551724880966,22369.319890619343
19.581829805648617,19987.49473590422
19.493563135812785,20871.065126125923
14.917355541754866,16933.961826742285
17.929590407448103,18099.00931712345
17.944406231598332,19369.37688284389
16.275355920119374,18144.677156917325
18.811602900295,19985.83567532501
17.862945422102527,22868.49619832841
14.063759500552038,15992.320518994944
13.92369882968891,16342.932428383352
