18.027875480492938,81300.62624574534
21.94489757203285,92121.01871432197
22.43525271671556,92371.17975510829
16.832951663563435,92828.81422220045
18.063624589465547,81135.48518019472
19.057309394163525,80359.68752053093
18.35189612205087,95853.10675777998
21.778644845765523,92666.93987767727
21.951821376390377,90840.13919519923
19.70441400518678,91764.93889082377
18.516188996709186,86975.85290837925
18.489286967215822,95322.4792772524
21.499339142320196,93778.22099322875
21.494341019734513,94125.68047816385
22.270375883019888,94084.06432366918
19.22643058268511,79682.16214736059
22.54732603358589,92894.24239622857
21.83090525971292,94046.20435238819
23.90647328960527,91374.21595394706
19.562651058924764,90293.78413536049
22.56517870058878,94732.40823143822
18.430379772626132,95695.23723961276
21.747828788899767,89969.33363203504
19.66754241984073,91231.26054952684
17.700904965029036,95543.68564018245
21.61269399507602,93154.26167107838
22.509421667831813,91390.04528749236
19.20314752907062,89354.85788091128
18.277866124278965,89620.10904165482
24.99337652812175,90245.25649309205
18.580143026815087,81625.0903885871
18.24521118850228,96043.92380986814
16.834287713773374,93521.9125865155
17.24648810318888,94611.70246882044
17.947097973155458,77781.38457263864
22.407600435576406,91138.1031171759
21.958054366677743,93745.87304021827
19.452650239745793,89770.28278315731
18.89982492252909,86854.13601699896
18.064589893593627,78250.82263775278
18.09592567210486,81823.04379278256
21.908947569167296,91799.42189385944
22.467624242631977,89547.41778868338
21.525633005205492,94045.00644173223
22.66426210459388,91496.73499953645
18.125321556438113,80484.25955696132
21.63344962800863,92895.51492934834
19.23127959479084,80047.62395501827
18.740852496895172,87516.15224122592
18.798219394703906,93915.85515892814
22.36836825349218,93732.82110979583
18.604274031224598,93409.5715634636
22.887844468077986,92085.99599871301
17.327793569970957,94274.94417843697
18.20018698983288,90181.85055117472
21.448501434735576,93940.9312462864
19.069405704691196,94499.70146527726
17.655769214135997,94158.19202910626
19.61026599072771,91682.07308814835
18.546183495383545,91449.81843164243
22.110803116712862,93412.01346135
18.6777111971444,87537.86961637737
18.439055221399784,95193.54667232156
19.18029614058777,89013.38466457877
20.332315323915026,90763.96319994888
19.30282050951456,90490.0670140388
18.575631260424032,95403.28888840109
16.95876080786357,93815.37422666924
19.756989873792307,91519.98330749315
23.277735366334074,91679.94929155853
21.56752429554997,92780.8984087633
18.52438728220315,95390.31098391113
19.928503561953665,91415.42953011749
24.438784462133242,92361.84434281185
20.566158654299016,91715.53310405665
19.52565734696678,91048.05906401851
19.44418208686263,90480.39061714437
20.628999923382736,92108.0710192509
18.410455406057245,86518.96681813354
18.23856271730296,95971.44028959809
21.60692431301868,92490.78220269545
18.65431285588025,87511.24104394583
22.59766588542768,94883.03182287823
19.35739910828567,89568.91040396047
19.484514499502772,91604.87798665912
17.387117814623455,94712.05027602044
24.992579990265156,89807.56513203352
20.030104663736527,91288.16198753532
17.655318150031007,94856.5595336472
22.603221917068097,93344.70220497572
19.027506434081246,93127.04896509356
22.29268912861275,93620.05084195593
18.83000904690693,94026.90043615608
18.084452313816556,79888.3071700164
18.570426994182277,94359.10041660356
22.786353239830355,93617.1537520311
21.82833553333411,91077.9441890925
17.94118655080359,96043.70635759342
18.674266896374185,91941.1974704666
18.051505313044398,85148.66099227256
17.94756613998903,81457.88383604308
19.831025859968445,89832.45100045667
17.884916950250414,95120.02234896846
22.417382208902602,94653.14794913813
18.061046209129742,92820.68505782101
18.833042603434812,93745.23361522783
22.32967906088595,90748.20055497238
18.69459843591656,92363.42017910589
22.698068106603774,93683.27653528083
20.296417745286018,91302.33914563005
18.32693357217625,86794.49859065664
21.670455186292,93598.08572934176
24.414410864130446,92093.08705762008
21.545589994718007,94167.99504635102
19.492622741263673,90003.95744547946
18.82367142568472,88294.41839226955
19.162452101940815,88660.34478665261
22.88803302118204,94754.76903314205
22.327136186455746,93169.90849996771
18.69481856571924,95356.74175054298
22.986846301063885,94052.4969098857
21.68128182605114,92630.07332111208
18.708616969031787,95060.64209176369
22.023200679959835,91619.46397999747
19.973234970387086,90894.29195310976
22.17819759582327,92337.73449058698
17.314956867114322,94737.28711760405
18.87074664346839,88197.38811960498
18.740833386089093,94255.99549954821
19.603972206178234,90461.87140410862
22.182809830578208,92522.12005071121
18.683823529633468,86914.40882311846
22.418399036554174,89949.51724036832
19.447996780227538,90147.64793195101
22.539148493685595,93031.50222945213
21.883825987369278,92639.94433709484
19.077649778545158,93460.50467176462
24.023502515174215,91042.78077433964
23.014664466043087,94675.21496152363
21.973724361242247,92008.90747922388
21.41232390521246,92966.40827980492
22.41884933900912,93522.30082784325
17.97827875083503,81708.89617337543
17.99966210858984,79128.91304391288
18.681233041908293,87419.22211487469
19.41214016595171,90347.22185878668
19.6321169556041,91096.65031374092
22.388252980600157,94363.14530258259
18.918166537570464,80936.55887810857
24.589087579617374,90391.03410349504
18.715595999285977,83409.56795919515
22.729482407720973,92079.23307509327
18.97785827865283,87246.65345311968
21.984545923219954,93764.71130899293
24.316625681691452,92578.74427403572
18.676281365018784,94574.99101876772
17.30696868437288,94568.087218314
22.336679669100757,92431.50179669612
21.81394618981535,92050.40080388771
18.652336507252606,87450.69119830111
18.392082062094936,85983.34614579353
18.091761375072164,91658.93898131947
18.11763566421309,94563.33392450878
19.013183144279964,86157.77398099922
21.52190332207598,94195.93490674513
19.53226147554479,89776.76299138865
21.592929068703828,93459.05701851906
22.163345848278812,91548.56729984317
18.607154052903,94571.9512482294
17.964118519725872,81772.54177906737
18.24939686357879,96064.35324560435
22.66803320286056,92745.84437415021
24.86033531130124,90680.27344810731
18.877731954993273,85228.93135925871
18.02421557392796,81590.70675881853
19.000781921407576,87012.42228221525
18.70296309857862,94965.3932121117
21.87258556649908,93769.8025887079
20.304744949274472,90031.45497402118
18.82035440776916,87353.07661257131
19.356336092680266,88420.31107480705
21.88279725746382,93576.1204271412
22.571452276740715,92263.4474535189
19.269621064363903,79306.82217431019
16.955291825183142,94074.20287100054
20.327204180890764,89715.85409751978
24.810729791114333,91033.59893159877
18.77430458546349,94920.32924856649
18.95158295276844,93071.62382333292
18.434327093728477,94861.05728442935
21.186683629887874,92598.77324182993
18.766911398735765,95240.95365511806
18.965296703289454,94295.03757138521
19.044235670289126,86426.43236237377
19.70338078541411,91697.49004270756
18.673151871330596,87385.65211478878
17.179369265868697,94234.49119102344
18.212241145602018,80706.53946687057
17.10599704105309,94519.64223108656
17.981569545372107,81823.78209683471
21.417889081423926,93043.64309189911
23.524766971570433,93002.23529953024
23.243588971939722,91873.56533238338
21.070857964279128,92487.55976217658
24.392516832408397,91800.71803981447
22.19121152590889,91661.8042469305
22.613131937078165,93345.97749915764
17.337453817603684,94659.2893569158
20.94195999813472,92357.2541163473
17.348673509349112,94700.12451257335
18.62226017601565,94780.13978724208
21.452953421963564,93082.63508081058
18.160019999308204,90721.12683091598
18.963168417421493,85886.64297978443
19.380138137428656,90098.8025317131
23.492926594247628,91707.565812885
18.18944622806459,79573.45197257667
18.017514495773202,92096.47773294397
18.01059601575971,93138.14043078953
17.94073104591392,93632.3888085724
18.57616430268017,90925.73111394799
18.799974323219256,95132.31714868525
18.052271302259676,95395.69096476834
19.66510662314505,91632.20621323524
21.80125330499358,92479.97857288251
22.52060836746352,90712.7161603652
19.0946788395704,87980.42047755569
22.427994837877808,91100.38950519805
18.03836173767143,92480.83046227193
22.44673814395561,93441.69274959843
22.854760209605818,93650.34499349952
22.760169784277956,93080.74696714073
21.825608889324997,90448.17913967559
23.01663287355439,92550.39888263287
19.507789232455647,90401.00801323532
20.731946388243138,92243.62767648106
19.75550878821803,90418.53526019548
23.241386265989053,94552.97205303246
22.684966393194216,94881.57990697428
21.50065168885297,93054.84393678847
21.331768761932288,93073.10359319884
23.79086961490472,93301.41146394258
18.551335048517615,95270.93109036604
19.993149606474585,90382.22048933245
19.471986518273,90246.38572645388
17.426152625039855,94719.71628980763
18.499750178602284,87268.94845880358
22.75392974140363,92819.05568755447
16.712103087791064,93179.4898166259
19.340105914306754,92638.76792356462
18.16573106645863,96115.39488316464
21.35186571452385,92922.53134421834
18.60326268669848,94076.61233317769
21.66544676880874,94124.2676051613
17.26021177571223,94453.44065137544
21.567091895009657,92691.60100512605
18.183709276297975,81796.97135100389
19.672417162669063,90704.56953003845
18.991075228323844,87168.97046427958
19.11043844278747,89159.23534607806
18.331784571407685,86523.80377775327
19.78471452006948,89324.05341240737
17.42800952221372,94646.4760859922
18.875689018054278,87514.2496564339
23.941356473609645,92796.8523256284
22.354267902675332,90378.69680469426
24.601463237951364,91436.45457657706
18.039692045287023,78726.21913187763
20.261347312339808,91050.50212949462
23.591959449822006,93433.35460039017
21.65391800770504,94208.65070342229
17.241315833616138,94418.89611681431
18.55234203069297,81522.01928372768
21.374268309789475,93050.15290010319
22.48969488025068,92204.05231859055
18.07075428374546,80927.683434968
17.495403776090846,94071.28029095351
19.362542571852273,92124.92738231085
18.16220496564825,96140.299350274
19.66257705386543,90930.11186230225
21.468439176928698,92993.60130853699
18.52986548544179,95124.38038939005
19.42177931278513,90206.88556375669
18.559831557090316,95539.92726624184
18.134878615835397,91204.51088970793
23.0523650426833,94806.498074937
19.049234780712425,93522.90189500597
23.12992311781329,94220.43555497554
19.43884004842848,90393.88941346764
19.961497571081583,90059.35670209123
18.006080749170536,93392.32781214497
23.10839701380067,92323.271350364
18.93930968214982,88543.62602957332
21.740197021744102,94170.31947766728
22.66344611649678,94893.48541557393
18.761366142503714,92772.96156718908
22.21083431748519,91994.47477235043
22.159030905878627,91872.94876437708
21.650621605894294,93177.04249493632
19.13582338059075,80678.90696919909
17.987308722019712,80205.38835801787
21.449297753255053,90116.05586946444
21.84425790562556,93965.30172865343
22.38114223724135,94521.47373894797
18.296841923288138,81717.09544922675
19.720040928133194,91759.96003017502
21.447845890910024,90622.1597096393
22.74991603670004,93852.20080370113
21.47858713341379,92717.54293509755
19.48345347156618,90455.25533503477
22.241081774039117,94218.31233078754
19.777901762694263,91604.67309812119
21.94490770416498,92253.57124726563
18.9331067537625,85579.626363917
19.307496013298604,89336.2461575673
19.709953555890156,89547.07921756234
18.323695277692046,86265.17267405048
21.22032497871978,92650.87821511578
17.62946529610226,95743.90194635266
18.78864273991544,87820.46582474097
18.972222135108332,84747.36702152345
19.64272012545844,91751.84904994097
19.49719818973127,90210.74312283835
18.747660774587846,81182.63132952317
19.423425912793142,89557.71514526985
20.07438861480069,90407.89458695069
18.58472575197026,95409.06755269557
20.025278870914207,91113.13398859787
22.503024037539767,93711.94566093058
22.566399639208697,92591.89702855755
19.61252400831174,89218.52568555858
24.3758829267583,90715.6917416387
18.68483338194021,95324.79322568112
21.54115578287179,92622.82974996572
18.91928446829923,86653.5077316869
19.440512679267,88860.50227885527
19.046601731479594,88886.49362526563
21.48245695057767,94171.86730627366
23.242174944320674,94417.85814674688
18.897247249674344,84357.66826181393
18.07760962593222,81830.76643692912
18.48653705264938,81376.7374954193
18.773487194966464,83899.35476263218
19.7376741937721,91381.50088123223
18.973494657958604,94755.95783970482
23.941714896985417,93181.16351392675
20.07767553498317,90657.97634205446
23.228380036909073,93541.31468902643
21.61105251485463,92931.56745030478
18.20776704009549,85926.14986740006
18.39794125184297,85554.26026360673
18.926648654075517,87346.21982377139
18.65842815510056,95346.2677065467
22.622711738311875,94830.21232527295
19.836411118075738,91493.29470480431
21.862573138140604,91287.55867315266
19.918080347067473,89680.39451608458
19.24080112676491,89963.73448606458
21.38932321495837,92696.51268145835
17.978802069166917,96150.23790454624
21.646701429347885,92741.49917162384
18.799284220158476,93766.78496421072
22.391501576158827,93260.56257414568
18.56151579813319,87118.29826346174
21.77494852811182,92307.57011925608
21.614405434085086,93404.94133086837
17.60292048295561,93920.30072884695
21.976549999690242,92594.61795759779
18.66296312680477,87489.25509422741
17.81433430079934,95908.79727438604
20.389297529110397,91547.49572612849
20.436162962204296,91922.45818615454
