15,344,068,-08
05,-50,075,-14
25,-50,075,-20
25,130,084,030
15,344,068,-10
15,344,068,024
30,-50,075,000
00,-50,075,008
15,-50,075,-26
15,206,087,006
20,288,081,018
20,-50,075,002
15,-50,075,-06
15,-50,075,000
25,-50,075,024
15,344,068,028
15,-50,075,026
15,-50,075,014
00,-50,075,024
20,138,076,000
25,-50,075,014
30,-50,075,-02
15,-50,075,-30
15,206,087,-06
30,-50,075,020
25,-50,075,030
05,-50,075,-20
20,138,076,-12
25,130,084,-30
10,-50,075,-28
15,344,068,012
30,-50,075,004
25,130,084,026
25,130,084,014
15,344,068,-30
05,-50,075,028
10,-50,075,008
20,138,076,-08
20,288,081,-10
15,344,068,-28
15,344,068,004
05,-50,075,024
05,-50,075,-30
15,-50,075,-02
05,-50,075,026
15,344,068,-16
05,-50,075,-04
15,344,068,026
20,288,081,002
30,-50,075,-16
10,-50,075,006
20,-50,075,030
10,-50,075,028
25,130,084,-04
25,130,084,-28
15,-50,075,-04
20,-50,075,-10
30,-50,075,030
15,206,087,002
20,-50,075,-28
15,-50,075,022
20,288,081,004
20,-50,075,-02
20,138,076,026
00,-50,075,-22
20,138,076,004
20,-50,075,006
25,130,084,024
15,206,087,014
10,-50,075,030
05,-50,075,014
20,-50,075,004
15,206,087,016
10,-50,075,-16
00,-50,075,-14
30,-50,075,-28
20,138,076,006
00,-50,075,-10
20,138,076,-28
30,-50,075,002
05,-50,075,-10
20,288,081,006
25,-50,075,010
20,138,076,022
30,-50,075,-26
25,130,084,010
10,-50,075,-30
15,206,087,018
30,-50,075,026
25,-50,075,-14
20,-50,075,-20
10,-50,075,010
20,-50,075,-14
15,344,068,-20
20,-50,075,024
25,-50,075,-12
25,-50,075,-26
30,-50,075,014
20,-50,075,-26
20,288,081,030
15,344,068,-06
15,206,087,-18
30,-50,075,024
25,-50,075,016
25,130,084,-16
20,-50,075,-16
05,-50,075,-24
20,-50,075,-24
10,-50,075,002
00,-50,075,-18
20,288,081,020
15,-50,075,-08
10,-50,075,-18
15,-50,075,010
20,138,076,018
20,138,076,030
20,138,076,028
25,-50,075,002
15,-50,075,024
30,-50,075,-06
25,-50,075,-08
05,-50,075,016
20,-50,075,-04
15,-50,075,-22
15,206,087,022
15,-50,075,-18
25,130,084,006
20,138,076,-20
30,-50,075,-14
15,206,087,-14
00,-50,075,012
20,138,076,-26
05,-50,075,-28
20,138,076,016
10,-50,075,020
15,-50,075,-16
20,-50,075,-18
00,-50,075,026
25,-50,075,000
15,-50,075,-20
05,-50,075,010
10,-50,075,012
15,344,068,-02
15,344,068,-24
20,288,081,000
20,138,076,012
15,206,087,-08
25,-50,075,020
15,344,068,020
00,-50,075,030
20,288,081,-30
00,-50,075,018
20,288,081,-04
25,-50,075,026
10,-50,075,-14
30,-50,075,-12
25,130,084,000
00,-50,075,014
05,-50,075,022
20,288,081,010
20,138,076,-30
25,130,084,-22
30,-50,075,028
20,288,081,-16
15,-50,075,004
20,138,076,020
25,-50,075,028
25,-50,075,-24
20,-50,075,022
15,344,068,000
30,-50,075,006
25,-50,075,-18
10,-50,075,-26
20,288,081,-22
15,344,068,-04
20,288,081,-08
20,-50,075,018
15,-50,075,018
15,206,087,028
20,138,076,-24
15,206,087,-26
15,-50,075,020
00,-50,075,016
15,344,068,030
25,130,084,022
15,206,087,030
10,-50,075,-24
20,-50,075,-06
30,-50,075,-20
30,-50,075,-10
00,-50,075,-02
20,-50,075,014
20,-50,075,-12
20,288,081,-14
15,206,087,010
20,288,081,012
25,130,084,020
15,344,068,-14
25,130,084,016
15,344,068,002
05,-50,075,008
10,-50,075,-10
00,-50,075,020
00,-50,075,-04
10,-50,075,-20
05,-50,075,-18
10,-50,075,016
25,130,084,002
00,-50,075,-06
25,130,084,004
20,-50,075,020
05,-50,075,002
25,130,084,-26
20,288,081,-18
20,138,076,-04
00,-50,075,022
15,344,068,-22
25,130,084,-20
25,130,084,-14
25,130,084,-10
20,-50,075,-30
20,-50,075,016
30,-50,075,022
15,206,087,012
05,-50,075,018
05,-50,075,030
15,206,087,-28
05,-50,075,-22
25,130,084,-18
10,-50,075,014
10,-50,075,000
25,-50,075,-16
15,-50,075,-28
10,-50,075,024
20,138,076,002
00,-50,075,-08
30,-50,075,-30
25,-50,075,-02
25,-50,075,006
05,-50,075,000
05,-50,075,004
10,-50,075,-06
20,-50,075,000
15,206,087,026
20,138,076,014
25,130,084,008
20,288,081,014
10,-50,075,022
25,130,084,028
30,-50,075,-22
30,-50,075,008
05,-50,075,012
20,-50,075,026
15,-50,075,012
25,130,084,-02
00,-50,075,006
15,344,068,008
15,206,087,-12
20,288,081,-06
20,138,076,-14
20,288,081,022
00,-50,075,-30
25,130,084,012
15,206,087,-30
10,-50,075,-12
05,-50,075,-26
10,-50,075,-22
15,344,068,-26
00,-50,075,-20
10,-50,075,-04
15,-50,075,006
25,130,084,018
15,344,068,014
05,-50,075,006
15,-50,075,030
15,344,068,-12
25,130,084,-06
30,-50,075,-24
30,-50,075,010
15,206,087,-10
05,-50,075,-02
30,-50,075,-08
20,138,076,-02
30,-50,075,-04
25,130,084,-24
25,-50,075,004
30,-50,075,-18
25,-50,075,-06
20,138,076,010
00,-50,075,-26
25,130,084,-12
10,-50,075,026
20,138,076,-18
15,-50,075,008
25,-50,075,008
20,-50,075,-22
25,-50,075,-22
05,-50,075,-16
15,-50,075,-12
15,344,068,022
15,344,068,-18
25,-50,075,-30
15,-50,075,016
25,-50,075,018
15,344,068,010
15,206,087,008
25,-50,075,-28
25,-50,075,-10
00,-50,075,004
20,138,076,008
25,-50,075,022
15,206,087,000
05,-50,075,020
20,288,081,-20
20,138,076,024
15,206,087,-20
20,288,081,024
00,-50,075,000
30,-50,075,018
20,138,076,-22
20,288,081,-24
15,206,087,004
15,206,087,-16
15,344,068,018
20,138,076,-10
00,-50,075,-24
20,-50,075,008
15,206,087,020
10,-50,075,004
15,-50,075,028
15,206,087,-22
00,-50,075,028
20,-50,075,012
05,-50,075,-08
20,288,081,-12
15,206,087,-24
20,138,076,-16
15,-50,075,002
25,-50,075,-04
20,288,081,-26
15,344,068,006
15,344,068,016
20,288,081,-28
15,206,087,-04
20,-50,075,-08
10,-50,075,-08
15,206,087,024
10,-50,075,-02
15,-50,075,-14
20,288,081,026
20,288,081,028
20,288,081,-02
20,-50,075,010
25,-50,075,012
15,206,087,-02
15,-50,075,-24
00,-50,075,-28
20,138,076,-06
00,-50,075,002
30,-50,075,012
05,-50,075,-06
20,-50,075,028
10,-50,075,018
20,288,081,016
05,-50,075,-12
15,-50,075,-10
25,130,084,-08
00,-50,075,010
20,288,081,008
30,-50,075,016
00,-50,075,-16
00,-50,075,-12
