9.563550993456165,12250.447760680823
9.568802575728721,12947.591595697902
9.449386288040186,13066.671701402025
8.951158252092853,12887.082217187351
9.540441071774332,12219.310312301255
9.714688146670255,11848.0268246953
9.803050553222402,13519.431921453699
9.47209274448851,13027.726228592403
9.549278622833585,12644.3617724944
9.180321052255639,13438.187841070841
9.15041631534151,12842.226346036801
9.756997078883732,13508.179807799588
9.787151015135944,13322.145885584174
9.827185031113576,13364.378389971373
9.659463759936623,13105.581483735552
9.713997755404108,11633.56205428696
9.951993984584009,12803.479564227539
9.860789886726558,13242.678865522877
9.520887051162042,12584.127437847814
9.567887302576056,13169.152692942665
9.75000649997465,13422.765443324999
9.784527879159228,13507.663355342369
9.461620478327049,12382.209400467817
9.138765598709071,13412.410498800058
9.752779657358259,13267.678389812554
9.546111692817378,12764.899095284152
9.443741922319283,12767.297680644544
9.459718249618813,13017.827723100716
8.534445988252038,12543.938130499122
9.59023239073261,12409.10590932078
9.6822773382887,12218.4227265907
9.828080396742369,13523.773493011135
8.971356424700408,13131.872218151915
9.019705942933864,13557.252541915728
9.068090708486146,11371.92807563701
9.664054858538476,12424.20416548985
10.102889003557866,13130.112298028725
9.513816326258524,13095.410830504512
9.057135338670706,12954.63505742423
9.145409525796964,11516.10189361593
9.647360215394059,12304.377636783483
9.633852500387386,12629.907670542325
9.25676617593432,12281.63742079208
9.816701651689112,13356.423808291082
9.642316172617562,12532.45677312667
9.455258271464098,12079.5610473027
9.682884331211998,13099.917025307332
9.711864962208754,11749.117205624723
9.145828056004504,13059.87044868777
9.51638202785243,13218.112530146496
10.094755187440093,13148.818906578706
9.723590456792714,12716.777534882054
9.976391897428833,12508.920356042141
8.974939006764211,13632.375798206607
8.564074496859977,12706.92394106803
9.803556796162598,13342.443141103271
9.659483143745346,13391.513764358757
9.550795538897985,12760.228150946034
9.170119524726193,13453.446224202573
9.314079894452648,12584.929229559646
9.923518304483068,12993.448610435129
9.151418173801332,13056.172651638473
9.737206957963693,13494.730636472097
9.603665027506933,12627.346730812656
9.201171609182872,12714.5691309434
9.583974750330567,13169.24862254081
9.768083261022955,13497.865620060471
8.979715200059609,13233.092063313494
9.20305165588556,13328.901083721728
10.012105819515227,12392.040889892254
9.713111588615625,12964.18180420233
9.76356534451932,13506.014645118597
9.21293387743048,13282.986211365216
9.866309544806192,12939.663232588544
9.30683878294392,12947.82709911012
9.034493073575685,12495.997345127564
9.589143342077321,13159.996338344085
9.361845036306985,13015.553062062048
9.254719125258346,12289.230135230639
9.817446605308078,13524.507220574296
9.63494781496248,13029.70230493264
9.154645830156696,13046.583216516712
9.763713739619845,13485.025094439958
9.587707093571368,12816.277636194773
9.111756896425305,12658.352651919706
9.026033970558437,13621.130833352943
9.583517031898943,12286.821037491785
9.219076087715685,13227.484523537967
9.64220339186322,13010.813924460115
9.614772936550672,13297.90087597366
9.480802972546979,13065.970773918816
10.107989430337913,13105.029387313149
9.599531827001584,13290.24613919724
9.36681235519702,11939.520783977941
9.685822768361456,13071.865540850176
9.638817015654592,13354.482951535945
9.256237374253091,12715.619404641071
9.810083104065466,13424.75966666028
9.350495893771562,12724.055390527368
9.232430787249989,12262.27821473778
9.582957767018417,12274.773719467414
9.024994589900741,13141.446647270594
9.67542581341419,13111.838253315775
9.74318633178309,13379.493389790776
8.817930277933982,13368.435921047345
9.554018332032879,13227.9150604491
9.365182620295075,12596.828356925798
9.389221202390424,12851.321518923283
10.076433586276611,13167.624106448617
9.261272386437547,12848.612623751684
9.158757488314663,12776.508391631975
9.768107100360277,13294.999723708488
9.810925639668206,12875.841704503364
9.852829719853611,13312.915346730744
9.591037540020135,12956.287088553381
9.674329727717863,12386.274587556778
9.645400856026948,12512.479504178027
9.758363803341787,13526.245128064134
9.936441807608396,12902.560780314263
9.73640631579597,13464.777889377452
9.690206488410961,13438.368885582044
9.697487655490125,12915.814509693773
9.723308943817552,13479.026074434707
9.636631858683216,12858.322939411402
9.239203851238722,13087.970113595158
9.691164279594338,13033.789462071272
9.024603973424785,13656.260060105136
9.36446477567366,12747.360519605007
9.570009865410974,13286.925561214499
9.075567758849166,13265.85559985162
9.473996979951563,12965.742347003048
9.267143347665467,12424.382395575418
9.271136786218296,12396.992321488746
9.590991366307351,13011.106832079568
10.045482004836225,12870.07299178504
9.713300269246776,13105.049695065667
9.514504773753956,13154.298542595538
9.543864955355428,12490.206688683826
9.751240899493343,13521.249127655712
9.669782798400878,12951.755292523307
9.72238360504424,13041.895460930247
10.10724912778641,13073.368356148385
9.612642615873405,12304.408267136525
9.252047351577717,11756.399363419336
9.137623592071813,13057.805899679892
9.594234932084383,13092.84555098744
9.125714717572082,13386.81611915021
9.710199942109899,13265.666546318665
9.709738221903862,12011.13465939042
9.620281537437359,12272.482507600602
8.713441630172484,12047.644991969988
9.487917780563972,12814.329161232066
9.112897048713528,13036.091716022504
9.617013888470877,13007.330032710839
9.90255847168455,12994.387715581404
9.623082346126392,13344.373800994981
9.002218132124005,13660.687970886502
9.478250503976867,12923.191297292318
9.642708182625077,12715.892917594498
9.155368127867705,13008.501203274423
9.234787247259064,12141.64416831799
8.694031917092904,13097.02976523163
9.592560443398042,12895.270337798698
8.980689832315429,12802.493162765502
9.841766745698587,13362.302681622616
9.58496553472061,12890.817126003432
9.571904883463612,12893.717694491037
9.312403740993677,12847.708033187402
9.695368725317884,13161.617089585647
9.624958916638256,12310.233383057162
9.83338522896235,13517.229193755938
9.51055795399207,13155.877020736276
9.617120257495843,12524.223161227126
8.890265613993124,12554.52859384405
9.598942542151018,12292.661790443835
9.077671253078126,12988.908543834597
9.741785479676146,13299.316309340396
9.891297601769477,13137.404774172308
9.27254579705187,12789.052005256275
9.30958602933047,12542.366097575934
8.890400025273403,12764.893530797908
9.910684278335559,13071.084724812441
9.483201466724845,12872.86757216141
9.724801476832479,11503.012961219481
8.991489244034367,13320.568681095465
9.283980395190305,12664.32016616898
9.640890819522392,12628.744571598312
9.705748296847304,13457.101153409489
9.371376335663115,13041.232185124496
9.668754531320852,13393.04908871505
9.438435871739745,13077.437875305615
9.760982725484435,13398.823858489835
9.633410201914584,13345.223468080785
9.012062177936428,12862.112157685051
9.188811625624655,13397.556704583107
9.153843708397105,12978.875118323678
8.996267148825213,13395.439870955051
9.48765171826518,12134.252957592289
9.012903373242818,13513.154100174572
9.636433412531499,12310.240405194716
9.7219160376078,13069.459674407412
9.985085275104296,13077.624346701126
9.492391173924588,12746.938038369626
9.424154373164331,13070.589320801459
9.748472114846642,12805.399219418308
9.493050700114036,12837.404670300333
10.090279299874364,12988.183812689273
9.011980419928054,13665.472244418877
9.407115423405942,13057.955760335755
9.019429698146793,13664.026325953655
9.717467027772766,13236.637472065651
9.7124570694242,13111.806905343947
8.597936637526988,12850.987782743761
8.949930358206826,12731.526549527593
9.544448543543563,13144.985771885056
9.504689265758394,12671.228939942284
9.31112003097392,11854.903055849853
8.731840007461006,13200.734931858173
8.851011222921365,13435.709243835656
8.910289039806369,13538.832898905917
9.259342305433957,12437.569415860675
9.752455910261009,13353.274516513575
9.721278058251537,13195.024605938208
9.19466497908416,13366.860203182872
9.67543374747005,12858.871949349152
9.677657387450166,12307.939585084172
8.84725751221119,12641.374955222189
9.393087198608457,12688.500405912519
8.777388979354484,13289.425440614079
10.100703427096569,13034.475302800634
10.066495338514805,13167.929783331332
9.572316125988209,13230.762821934983
9.494305264453295,12522.073259363364
9.99416297185915,12711.48594666436
9.577085448633463,13172.102172180243
9.386664578694255,13039.640763562415
8.992346544203231,12314.780387813338
9.74170549390248,13510.209880645258
9.766050177952259,13518.241733228799
9.705550922341049,13113.77169647703
9.71708074401267,13104.04792528807
10.031303214032803,13132.72100201603
9.748299460742532,13504.42016960913
9.269331311794726,12899.981270739008
9.592582550241218,13056.134412979796
9.026485595472767,13642.041751326577
9.151976922287743,12941.470752443129
10.034873688533352,12795.076579507368
8.970625071969032,13016.032577827911
9.28266807108739,12931.123207134819
9.833057873672765,13504.693894198892
9.721866084349733,13006.375166720765
9.675884759639658,12968.879417073946
9.85576492664773,13282.18227935089
8.989351747430849,13649.74457005666
9.470262986779499,13049.096490558766
9.667812770482783,12274.39892217108
9.09039668345774,13314.225328869205
9.096338316064664,13015.90725553887
9.43177063551547,12965.75968479767
9.159576134481433,12699.658991846343
9.11590645231838,12344.392137039922
9.023889467594088,13592.959789914436
8.821249866766731,12505.793667044461
9.943569333241248,13039.650954682638
9.309764880706469,12501.709239453754
9.697119252187369,12723.135844010203
9.1958793680712,11643.119719253467
9.230740486567921,12786.092303121794
10.04424681715992,13150.563546208621
9.846294187731688,13352.347885560794
9.003496034866,13459.63251345597
9.688449527159037,12179.611724909259
9.719789300401645,13089.995284514916
9.973248143863444,12571.194674128677
9.51496887896699,12180.818561850547
8.957929081810068,13608.408469521564
9.192321531980465,12803.106009754723
9.830252607738634,13485.447571938072
9.10841475279705,13354.37078131312
9.695757481072647,13109.860879348937
9.705734172791713,13432.846972289375
9.556827504713187,13160.147153310583
9.76218711529574,13489.59050193842
8.64766822526067,12981.953286096275
9.763293831753195,13525.266695655613
9.4486903114205,13136.725223156893
9.712193929617158,13469.087114145725
9.594391975008712,13122.115389918528
9.151406554288442,12547.912275258253
8.880617628488016,13491.6809765929
9.971454020484083,12615.09441208973
9.381258454599907,12831.900371124299
9.849691423555345,13335.984923717444
9.766348303124499,13504.963282712313
9.432609775774072,12964.9539356969
9.382572675835206,12963.624193412656
9.5280354235043,12897.325551575592
9.73835425357715,13217.263749983791
9.714624369832531,11935.259136458491
9.414205295022944,12015.370560247484
9.155630872485968,12405.633253865952
9.873019240920467,13194.175773942101
9.734231698454675,13327.4853046951
9.676066537295368,12249.815463354267
9.18449603878259,13421.207242727167
9.204069897954934,12567.389719145945
9.663979253126119,13400.522915884965
9.465803474682382,13064.674316375751
9.592608538398899,13144.388580303757
9.676734039749473,13192.51508197603
9.16370523461612,13452.106955838472
9.659375763085018,12792.572146680195
8.925866501060007,12648.404105519163
9.597681092836982,12728.180087982968
8.999696690637386,13065.291222394932
9.166686868631324,12609.627299787877
9.45006110405352,13078.758482060999
9.775839581272066,13330.680076135715
9.324692886200754,12652.545851956716
8.856193538135859,12448.224521165985
9.175629743203332,13448.840556587706
9.053849824145534,13208.903515392327
9.706591530157727,12076.479564242485
9.490188792583726,13060.423882193454
9.171758782150002,12635.935670523557
9.770428779335008,13483.570111134646
9.22955532126877,13162.35849886531
10.085942305794468,13161.294313120452
9.967797650448691,12692.178364086063
8.966306784103342,12977.360214347053
9.581394506446948,12386.519511566505
9.768134610663175,13435.033547080388
9.65435569864368,13060.159766999346
9.036099827972276,12912.520952513427
8.924008598744534,12877.713081059695
9.413798579093173,12903.119019954509
9.83523647367322,13366.318745169723
9.728994864244887,13492.942035480104
8.81772507056664,12326.96767178664
9.657933744704385,12292.506377529719
9.69758326543963,12132.433149086588
8.771553947950267,12192.532834972211
9.148519672949558,13431.688713552106
9.684146717817274,13428.337158049228
10.013420435235659,13108.521275455914
9.253753660251775,13000.20265054514
10.055628945459986,13162.261186415411
9.729354579403164,13165.897727644553
9.1867220928419,12506.994925469604
9.206154274853406,12391.003102205508
9.12663232290309,13049.945737528928
9.770794516869277,13462.880651321653
9.757875834989258,13457.832917060328
9.156603331957136,13444.88189396288
9.597830794938721,12756.68108607336
9.135897116415434,12449.69170716071
9.530885184498766,13123.515824417747
9.458831258296074,13074.583326462256
9.821889880722022,13458.913122376014
9.668848966570664,13083.52901201181
9.68972126694575,12850.89912615868
10.067640470167671,12934.227111981965
9.150488864036568,12896.161289854432
9.608306269140249,12992.111143538754
9.751093124375654,13260.28775238075
8.93628993062283,13577.6517068391
9.471993134960702,13000.150744181867
9.155833558802149,13030.854285365136
9.793728657535446,13382.625948344981
9.2842385055649,12902.27733783054
9.333801917835416,12985.412992799525
