21.026374667526735,11200.22259133921
17.671228560903682,9532.523157493644
19.71415082332073,10233.69705653165
22.609153911803215,8941.828982322651
22.258299714050047,11489.14608234497
22.258299714050047,11489.14608234497
11.853794720957357,7414.519513284878
21.33134819410157,10892.935958521472
17.671228560903682,9532.523157493644
15.281157583432549,8816.812408175148
22.258299714050047,11489.14608234497
15.281157583432549,8816.812408175148
19.71415082332073,10233.69705653165
22.609153911803215,8941.828982322651
21.333064597589562,10145.034710563254
21.026374667526735,11200.22259133921
19.71415082332073,10233.69705653165
13.421879262248071,8103.805544866693
21.026374667526735,11200.22259133921
21.33134819410157,10892.935958521472
21.33134819410157,10892.935958521472
22.258299714050047,11489.14608234497
21.333064597589562,10145.034710563254
11.853794720957357,7414.519513284878
21.026374667526735,11200.22259133921
19.71415082332073,10233.69705653165
21.026374667526735,11200.22259133921
17.671228560903682,9532.523157493644
19.71415082332073,10233.69705653165
21.026374667526735,11200.22259133921
19.71415082332073,10233.69705653165
22.609153911803215,8941.828982322651
22.258299714050047,11489.14608234497
19.71415082332073,10233.69705653165
21.026374667526735,11200.22259133921
22.609153911803215,8941.828982322651
21.333064597589562,10145.034710563254
21.333064597589562,10145.034710563254
21.026374667526735,11200.22259133921
17.671228560903682,9532.523157493644
22.609153911803215,8941.828982322651
15.281157583432549,8816.812408175148
13.421879262248071,8103.805544866693
21.33134819410157,10892.935958521472
15.281157583432549,8816.812408175148
18.442500280444918,10121.098110985618
17.671228560903682,9532.523157493644
21.026374667526735,11200.22259133921
11.853794720957357,7414.519513284878
13.421879262248071,8103.805544866693
22.258299714050047,11489.14608234497
17.671228560903682,9532.523157493644
21.333064597589562,10145.034710563254
19.71415082332073,10233.69705653165
15.281157583432549,8816.812408175148
21.333064597589562,10145.034710563254
21.026374667526735,11200.22259133921
18.442500280444918,10121.098110985618
13.421879262248071,8103.805544866693
11.853794720957357,7414.519513284878
21.026374667526735,11200.22259133921
21.33134819410157,10892.935958521472
21.026374667526735,11200.22259133921
22.609153911803215,8941.828982322651
11.853794720957357,7414.519513284878
11.853794720957357,7414.519513284878
21.33134819410157,10892.935958521472
22.258299714050047,11489.14608234497
21.333064597589562,10145.034710563254
13.421879262248071,8103.805544866693
13.421879262248071,8103.805544866693
22.609153911803215,8941.828982322651
11.853794720957357,7414.519513284878
21.333064597589562,10145.034710563254
13.421879262248071,8103.805544866693
13.421879262248071,8103.805544866693
18.442500280444918,10121.098110985618
19.71415082332073,10233.69705653165
22.258299714050047,11489.14608234497
19.71415082332073,10233.69705653165
13.421879262248071,8103.805544866693
16.781769703114897,10062.000589389409
22.609153911803215,8941.828982322651
15.281157583432549,8816.812408175148
21.333064597589562,10145.034710563254
17.671228560903682,9532.523157493644
17.671228560903682,9532.523157493644
13.421879262248071,8103.805544866693
21.33134819410157,10892.935958521472
21.026374667526735,11200.22259133921
16.781769703114897,10062.000589389409
13.421879262248071,8103.805544866693
22.258299714050047,11489.14608234497
22.609153911803215,8941.828982322651
21.33134819410157,10892.935958521472
21.026374667526735,11200.22259133921
22.258299714050047,11489.14608234497
15.281157583432549,8816.812408175148
21.33134819410157,10892.935958521472
19.71415082332073,10233.69705653165
17.671228560903682,9532.523157493644
21.026374667526735,11200.22259133921
22.258299714050047,11489.14608234497
15.281157583432549,8816.812408175148
22.258299714050047,11489.14608234497
18.442500280444918,10121.098110985618
16.781769703114897,10062.000589389409
21.33134819410157,10892.935958521472
11.853794720957357,7414.519513284878
18.442500280444918,10121.098110985618
16.781769703114897,10062.000589389409
17.671228560903682,9532.523157493644
22.609153911803215,8941.828982322651
21.026374667526735,11200.22259133921
22.258299714050047,11489.14608234497
13.421879262248071,8103.805544866693
21.333064597589562,10145.034710563254
13.421879262248071,8103.805544866693
18.442500280444918,10121.098110985618
21.33134819410157,10892.935958521472
13.421879262248071,8103.805544866693
15.281157583432549,8816.812408175148
19.71415082332073,10233.69705653165
21.33134819410157,10892.935958521472
21.33134819410157,10892.935958521472
13.421879262248071,8103.805544866693
11.853794720957357,7414.519513284878
22.609153911803215,8941.828982322651
15.281157583432549,8816.812408175148
17.671228560903682,9532.523157493644
13.421879262248071,8103.805544866693
11.853794720957357,7414.519513284878
11.853794720957357,7414.519513284878
17.671228560903682,9532.523157493644
21.026374667526735,11200.22259133921
21.33134819410157,10892.935958521472
13.421879262248071,8103.805544866693
21.026374667526735,11200.22259133921
11.853794720957357,7414.519513284878
18.442500280444918,10121.098110985618
16.781769703114897,10062.000589389409
11.853794720957357,7414.519513284878
16.781769703114897,10062.000589389409
22.258299714050047,11489.14608234497
16.781769703114897,10062.000589389409
21.33134819410157,10892.935958521472
13.421879262248071,8103.805544866693
17.671228560903682,9532.523157493644
11.853794720957357,7414.519513284878
16.781769703114897,10062.000589389409
16.781769703114897,10062.000589389409
22.258299714050047,11489.14608234497
15.281157583432549,8816.812408175148
21.333064597589562,10145.034710563254
19.71415082332073,10233.69705653165
18.442500280444918,10121.098110985618
13.421879262248071,8103.805544866693
18.442500280444918,10121.098110985618
21.33134819410157,10892.935958521472
16.781769703114897,10062.000589389409
16.781769703114897,10062.000589389409
18.442500280444918,10121.098110985618
21.33134819410157,10892.935958521472
15.281157583432549,8816.812408175148
21.026374667526735,11200.22259133921
22.609153911803215,8941.828982322651
19.71415082332073,10233.69705653165
22.609153911803215,8941.828982322651
21.333064597589562,10145.034710563254
11.853794720957357,7414.519513284878
15.281157583432549,8816.812408175148
16.781769703114897,10062.000589389409
22.258299714050047,11489.14608234497
21.333064597589562,10145.034710563254
21.333064597589562,10145.034710563254
18.442500280444918,10121.098110985618
17.671228560903682,9532.523157493644
19.71415082332073,10233.69705653165
21.026374667526735,11200.22259133921
21.333064597589562,10145.034710563254
22.258299714050047,11489.14608234497
21.33134819410157,10892.935958521472
19.71415082332073,10233.69705653165
19.71415082332073,10233.69705653165
22.609153911803215,8941.828982322651
19.71415082332073,10233.69705653165
13.421879262248071,8103.805544866693
22.609153911803215,8941.828982322651
21.026374667526735,11200.22259133921
15.281157583432549,8816.812408175148
21.333064597589562,10145.034710563254
21.333064597589562,10145.034710563254
18.442500280444918,10121.098110985618
22.258299714050047,11489.14608234497
22.609153911803215,8941.828982322651
18.442500280444918,10121.098110985618
18.442500280444918,10121.098110985618
19.71415082332073,10233.69705653165
17.671228560903682,9532.523157493644
16.781769703114897,10062.000589389409
22.609153911803215,8941.828982322651
21.333064597589562,10145.034710563254
21.333064597589562,10145.034710563254
21.026374667526735,11200.22259133921
18.442500280444918,10121.098110985618
19.71415082332073,10233.69705653165
21.333064597589562,10145.034710563254
22.609153911803215,8941.828982322651
22.258299714050047,11489.14608234497
21.33134819410157,10892.935958521472
11.853794720957357,7414.519513284878
21.333064597589562,10145.034710563254
18.442500280444918,10121.098110985618
21.026374667526735,11200.22259133921
21.333064597589562,10145.034710563254
19.71415082332073,10233.69705653165
22.258299714050047,11489.14608234497
15.281157583432549,8816.812408175148
18.442500280444918,10121.098110985618
22.258299714050047,11489.14608234497
22.258299714050047,11489.14608234497
11.853794720957357,7414.519513284878
22.258299714050047,11489.14608234497
21.026374667526735,11200.22259133921
17.671228560903682,9532.523157493644
13.421879262248071,8103.805544866693
17.671228560903682,9532.523157493644
17.671228560903682,9532.523157493644
21.33134819410157,10892.935958521472
22.258299714050047,11489.14608234497
15.281157583432549,8816.812408175148
21.333064597589562,10145.034710563254
16.781769703114897,10062.000589389409
21.333064597589562,10145.034710563254
17.671228560903682,9532.523157493644
11.853794720957357,7414.519513284878
18.442500280444918,10121.098110985618
15.281157583432549,8816.812408175148
19.71415082332073,10233.69705653165
16.781769703114897,10062.000589389409
22.609153911803215,8941.828982322651
11.853794720957357,7414.519513284878
15.281157583432549,8816.812408175148
21.026374667526735,11200.22259133921
13.421879262248071,8103.805544866693
21.33134819410157,10892.935958521472
16.781769703114897,10062.000589389409
21.33134819410157,10892.935958521472
15.281157583432549,8816.812408175148
22.258299714050047,11489.14608234497
16.781769703114897,10062.000589389409
15.281157583432549,8816.812408175148
11.853794720957357,7414.519513284878
18.442500280444918,10121.098110985618
17.671228560903682,9532.523157493644
17.671228560903682,9532.523157493644
22.609153911803215,8941.828982322651
22.609153911803215,8941.828982322651
21.333064597589562,10145.034710563254
17.671228560903682,9532.523157493644
13.421879262248071,8103.805544866693
17.671228560903682,9532.523157493644
18.442500280444918,10121.098110985618
15.281157583432549,8816.812408175148
15.281157583432549,8816.812408175148
11.853794720957357,7414.519513284878
18.442500280444918,10121.098110985618
15.281157583432549,8816.812408175148
16.781769703114897,10062.000589389409
15.281157583432549,8816.812408175148
21.33134819410157,10892.935958521472
22.258299714050047,11489.14608234497
21.33134819410157,10892.935958521472
18.442500280444918,10121.098110985618
18.442500280444918,10121.098110985618
22.609153911803215,8941.828982322651
22.609153911803215,8941.828982322651
11.853794720957357,7414.519513284878
16.781769703114897,10062.000589389409
17.671228560903682,9532.523157493644
18.442500280444918,10121.098110985618
16.781769703114897,10062.000589389409
15.281157583432549,8816.812408175148
11.853794720957357,7414.519513284878
13.421879262248071,8103.805544866693
22.609153911803215,8941.828982322651
11.853794720957357,7414.519513284878
19.71415082332073,10233.69705653165
11.853794720957357,7414.519513284878
11.853794720957357,7414.519513284878
21.33134819410157,10892.935958521472
21.333064597589562,10145.034710563254
15.281157583432549,8816.812408175148
19.71415082332073,10233.69705653165
13.421879262248071,8103.805544866693
15.281157583432549,8816.812408175148
22.609153911803215,8941.828982322651
17.671228560903682,9532.523157493644
18.442500280444918,10121.098110985618
21.33134819410157,10892.935958521472
11.853794720957357,7414.519513284878
19.71415082332073,10233.69705653165
17.671228560903682,9532.523157493644
19.71415082332073,10233.69705653165
22.609153911803215,8941.828982322651
18.442500280444918,10121.098110985618
16.781769703114897,10062.000589389409
22.609153911803215,8941.828982322651
18.442500280444918,10121.098110985618
21.026374667526735,11200.22259133921
21.333064597589562,10145.034710563254
22.609153911803215,8941.828982322651
19.71415082332073,10233.69705653165
13.421879262248071,8103.805544866693
21.026374667526735,11200.22259133921
13.421879262248071,8103.805544866693
17.671228560903682,9532.523157493644
22.258299714050047,11489.14608234497
13.421879262248071,8103.805544866693
13.421879262248071,8103.805544866693
15.281157583432549,8816.812408175148
16.781769703114897,10062.000589389409
16.781769703114897,10062.000589389409
11.853794720957357,7414.519513284878
19.71415082332073,10233.69705653165
21.026374667526735,11200.22259133921
18.442500280444918,10121.098110985618
22.258299714050047,11489.14608234497
22.258299714050047,11489.14608234497
17.671228560903682,9532.523157493644
22.609153911803215,8941.828982322651
17.671228560903682,9532.523157493644
19.71415082332073,10233.69705653165
13.421879262248071,8103.805544866693
21.333064597589562,10145.034710563254
21.333064597589562,10145.034710563254
16.781769703114897,10062.000589389409
18.442500280444918,10121.098110985618
17.671228560903682,9532.523157493644
21.026374667526735,11200.22259133921
16.781769703114897,10062.000589389409
19.71415082332073,10233.69705653165
16.781769703114897,10062.000589389409
15.281157583432549,8816.812408175148
18.442500280444918,10121.098110985618
21.333064597589562,10145.034710563254
21.33134819410157,10892.935958521472
16.781769703114897,10062.000589389409
18.442500280444918,10121.098110985618
11.853794720957357,7414.519513284878
16.781769703114897,10062.000589389409
16.781769703114897,10062.000589389409
16.781769703114897,10062.000589389409
22.609153911803215,8941.828982322651
22.258299714050047,11489.14608234497
21.333064597589562,10145.034710563254
15.281157583432549,8816.812408175148
11.853794720957357,7414.519513284878
21.33134819410157,10892.935958521472
21.026374667526735,11200.22259133921
16.781769703114897,10062.000589389409
13.421879262248071,8103.805544866693
19.71415082332073,10233.69705653165
15.281157583432549,8816.812408175148
11.853794720957357,7414.519513284878
21.33134819410157,10892.935958521472
21.33134819410157,10892.935958521472
21.33134819410157,10892.935958521472
22.258299714050047,11489.14608234497
22.609153911803215,8941.828982322651
17.671228560903682,9532.523157493644
21.026374667526735,11200.22259133921
