14.751691588887429,47556.69874427051
16.081333296729202,50170.00774717338
15.972921980829284,49662.99461974184
12.310496884573105,36322.133353497265
16.076420869863334,47714.60284020043
16.076420869863334,47714.60284020043
15.915392287028924,50306.41123354276
16.025765738412325,48807.61309985243
16.081333296729202,50170.00774717338
15.961321031692489,50470.8464293738
16.076420869863334,47714.60284020043
15.961321031692489,50470.8464293738
15.972921980829284,49662.99461974184
12.310496884573105,36322.133353497265
13.622038452572333,42028.36038354041
14.751691588887429,47556.69874427051
15.972921980829284,49662.99461974184
15.903300142041118,50474.40098656222
14.751691588887429,47556.69874427051
16.025765738412325,48807.61309985243
16.025765738412325,48807.61309985243
16.076420869863334,47714.60284020043
13.622038452572333,42028.36038354041
15.915392287028924,50306.41123354276
14.751691588887429,47556.69874427051
15.972921980829284,49662.99461974184
14.751691588887429,47556.69874427051
16.081333296729202,50170.00774717338
15.972921980829284,49662.99461974184
14.751691588887429,47556.69874427051
15.972921980829284,49662.99461974184
12.310496884573105,36322.133353497265
16.076420869863334,47714.60284020043
15.972921980829284,49662.99461974184
14.751691588887429,47556.69874427051
12.310496884573105,36322.133353497265
13.622038452572333,42028.36038354041
13.622038452572333,42028.36038354041
14.751691588887429,47556.69874427051
16.081333296729202,50170.00774717338
12.310496884573105,36322.133353497265
15.961321031692489,50470.8464293738
15.903300142041118,50474.40098656222
16.025765738412325,48807.61309985243
15.961321031692489,50470.8464293738
14.912836420787237,44775.67769658155
16.081333296729202,50170.00774717338
14.751691588887429,47556.69874427051
15.915392287028924,50306.41123354276
15.903300142041118,50474.40098656222
16.076420869863334,47714.60284020043
16.081333296729202,50170.00774717338
13.622038452572333,42028.36038354041
15.972921980829284,49662.99461974184
15.961321031692489,50470.8464293738
13.622038452572333,42028.36038354041
14.751691588887429,47556.69874427051
14.912836420787237,44775.67769658155
15.903300142041118,50474.40098656222
15.915392287028924,50306.41123354276
14.751691588887429,47556.69874427051
16.025765738412325,48807.61309985243
14.751691588887429,47556.69874427051
12.310496884573105,36322.133353497265
15.915392287028924,50306.41123354276
15.915392287028924,50306.41123354276
16.025765738412325,48807.61309985243
16.076420869863334,47714.60284020043
13.622038452572333,42028.36038354041
15.903300142041118,50474.40098656222
15.903300142041118,50474.40098656222
12.310496884573105,36322.133353497265
15.915392287028924,50306.41123354276
13.622038452572333,42028.36038354041
15.903300142041118,50474.40098656222
15.903300142041118,50474.40098656222
14.912836420787237,44775.67769658155
15.972921980829284,49662.99461974184
16.076420869863334,47714.60284020043
15.972921980829284,49662.99461974184
15.903300142041118,50474.40098656222
14.029031165417646,47858.81378261848
12.310496884573105,36322.133353497265
15.961321031692489,50470.8464293738
13.622038452572333,42028.36038354041
16.081333296729202,50170.00774717338
16.081333296729202,50170.00774717338
15.903300142041118,50474.40098656222
16.025765738412325,48807.61309985243
14.751691588887429,47556.69874427051
14.029031165417646,47858.81378261848
15.903300142041118,50474.40098656222
16.076420869863334,47714.60284020043
12.310496884573105,36322.133353497265
16.025765738412325,48807.61309985243
14.751691588887429,47556.69874427051
16.076420869863334,47714.60284020043
15.961321031692489,50470.8464293738
16.025765738412325,48807.61309985243
15.972921980829284,49662.99461974184
16.081333296729202,50170.00774717338
14.751691588887429,47556.69874427051
16.076420869863334,47714.60284020043
15.961321031692489,50470.8464293738
16.076420869863334,47714.60284020043
14.912836420787237,44775.67769658155
14.029031165417646,47858.81378261848
16.025765738412325,48807.61309985243
15.915392287028924,50306.41123354276
14.912836420787237,44775.67769658155
14.029031165417646,47858.81378261848
16.081333296729202,50170.00774717338
12.310496884573105,36322.133353497265
14.751691588887429,47556.69874427051
16.076420869863334,47714.60284020043
15.903300142041118,50474.40098656222
13.622038452572333,42028.36038354041
15.903300142041118,50474.40098656222
14.912836420787237,44775.67769658155
16.025765738412325,48807.61309985243
15.903300142041118,50474.40098656222
15.961321031692489,50470.8464293738
15.972921980829284,49662.99461974184
16.025765738412325,48807.61309985243
16.025765738412325,48807.61309985243
15.903300142041118,50474.40098656222
15.915392287028924,50306.41123354276
12.310496884573105,36322.133353497265
15.961321031692489,50470.8464293738
16.081333296729202,50170.00774717338
15.903300142041118,50474.40098656222
15.915392287028924,50306.41123354276
15.915392287028924,50306.41123354276
16.081333296729202,50170.00774717338
14.751691588887429,47556.69874427051
16.025765738412325,48807.61309985243
15.903300142041118,50474.40098656222
14.751691588887429,47556.69874427051
15.915392287028924,50306.41123354276
14.912836420787237,44775.67769658155
14.029031165417646,47858.81378261848
15.915392287028924,50306.41123354276
14.029031165417646,47858.81378261848
16.076420869863334,47714.60284020043
14.029031165417646,47858.81378261848
16.025765738412325,48807.61309985243
15.903300142041118,50474.40098656222
16.081333296729202,50170.00774717338
15.915392287028924,50306.41123354276
14.029031165417646,47858.81378261848
14.029031165417646,47858.81378261848
16.076420869863334,47714.60284020043
15.961321031692489,50470.8464293738
13.622038452572333,42028.36038354041
15.972921980829284,49662.99461974184
14.912836420787237,44775.67769658155
15.903300142041118,50474.40098656222
14.912836420787237,44775.67769658155
16.025765738412325,48807.61309985243
14.029031165417646,47858.81378261848
14.029031165417646,47858.81378261848
14.912836420787237,44775.67769658155
16.025765738412325,48807.61309985243
15.961321031692489,50470.8464293738
14.751691588887429,47556.69874427051
12.310496884573105,36322.133353497265
15.972921980829284,49662.99461974184
12.310496884573105,36322.133353497265
13.622038452572333,42028.36038354041
15.915392287028924,50306.41123354276
15.961321031692489,50470.8464293738
14.029031165417646,47858.81378261848
16.076420869863334,47714.60284020043
13.622038452572333,42028.36038354041
13.622038452572333,42028.36038354041
14.912836420787237,44775.67769658155
16.081333296729202,50170.00774717338
15.972921980829284,49662.99461974184
14.751691588887429,47556.69874427051
13.622038452572333,42028.36038354041
16.076420869863334,47714.60284020043
16.025765738412325,48807.61309985243
15.972921980829284,49662.99461974184
15.972921980829284,49662.99461974184
12.310496884573105,36322.133353497265
15.972921980829284,49662.99461974184
15.903300142041118,50474.40098656222
12.310496884573105,36322.133353497265
14.751691588887429,47556.69874427051
15.961321031692489,50470.8464293738
13.622038452572333,42028.36038354041
13.622038452572333,42028.36038354041
14.912836420787237,44775.67769658155
16.076420869863334,47714.60284020043
12.310496884573105,36322.133353497265
14.912836420787237,44775.67769658155
14.912836420787237,44775.67769658155
15.972921980829284,49662.99461974184
16.081333296729202,50170.00774717338
14.029031165417646,47858.81378261848
12.310496884573105,36322.133353497265
13.622038452572333,42028.36038354041
13.622038452572333,42028.36038354041
14.751691588887429,47556.69874427051
14.912836420787237,44775.67769658155
15.972921980829284,49662.99461974184
13.622038452572333,42028.36038354041
12.310496884573105,36322.133353497265
16.076420869863334,47714.60284020043
16.025765738412325,48807.61309985243
15.915392287028924,50306.41123354276
13.622038452572333,42028.36038354041
14.912836420787237,44775.67769658155
14.751691588887429,47556.69874427051
13.622038452572333,42028.36038354041
15.972921980829284,49662.99461974184
16.076420869863334,47714.60284020043
15.961321031692489,50470.8464293738
14.912836420787237,44775.67769658155
16.076420869863334,47714.60284020043
16.076420869863334,47714.60284020043
15.915392287028924,50306.41123354276
16.076420869863334,47714.60284020043
14.751691588887429,47556.69874427051
16.081333296729202,50170.00774717338
15.903300142041118,50474.40098656222
16.081333296729202,50170.00774717338
16.081333296729202,50170.00774717338
16.025765738412325,48807.61309985243
16.076420869863334,47714.60284020043
15.961321031692489,50470.8464293738
13.622038452572333,42028.36038354041
14.029031165417646,47858.81378261848
13.622038452572333,42028.36038354041
16.081333296729202,50170.00774717338
15.915392287028924,50306.41123354276
14.912836420787237,44775.67769658155
15.961321031692489,50470.8464293738
15.972921980829284,49662.99461974184
14.029031165417646,47858.81378261848
12.310496884573105,36322.133353497265
15.915392287028924,50306.41123354276
15.961321031692489,50470.8464293738
14.751691588887429,47556.69874427051
15.903300142041118,50474.40098656222
16.025765738412325,48807.61309985243
14.029031165417646,47858.81378261848
16.025765738412325,48807.61309985243
15.961321031692489,50470.8464293738
16.076420869863334,47714.60284020043
14.029031165417646,47858.81378261848
15.961321031692489,50470.8464293738
15.915392287028924,50306.41123354276
14.912836420787237,44775.67769658155
16.081333296729202,50170.00774717338
16.081333296729202,50170.00774717338
12.310496884573105,36322.133353497265
12.310496884573105,36322.133353497265
13.622038452572333,42028.36038354041
16.081333296729202,50170.00774717338
15.903300142041118,50474.40098656222
16.081333296729202,50170.00774717338
14.912836420787237,44775.67769658155
15.961321031692489,50470.8464293738
15.961321031692489,50470.8464293738
15.915392287028924,50306.41123354276
14.912836420787237,44775.67769658155
15.961321031692489,50470.8464293738
14.029031165417646,47858.81378261848
15.961321031692489,50470.8464293738
16.025765738412325,48807.61309985243
16.076420869863334,47714.60284020043
16.025765738412325,48807.61309985243
14.912836420787237,44775.67769658155
14.912836420787237,44775.67769658155
12.310496884573105,36322.133353497265
12.310496884573105,36322.133353497265
15.915392287028924,50306.41123354276
14.029031165417646,47858.81378261848
16.081333296729202,50170.00774717338
14.912836420787237,44775.67769658155
14.029031165417646,47858.81378261848
15.961321031692489,50470.8464293738
15.915392287028924,50306.41123354276
15.903300142041118,50474.40098656222
12.310496884573105,36322.133353497265
15.915392287028924,50306.41123354276
15.972921980829284,49662.99461974184
15.915392287028924,50306.41123354276
15.915392287028924,50306.41123354276
16.025765738412325,48807.61309985243
13.622038452572333,42028.36038354041
15.961321031692489,50470.8464293738
15.972921980829284,49662.99461974184
15.903300142041118,50474.40098656222
15.961321031692489,50470.8464293738
12.310496884573105,36322.133353497265
16.081333296729202,50170.00774717338
14.912836420787237,44775.67769658155
16.025765738412325,48807.61309985243
15.915392287028924,50306.41123354276
15.972921980829284,49662.99461974184
16.081333296729202,50170.00774717338
15.972921980829284,49662.99461974184
12.310496884573105,36322.133353497265
14.912836420787237,44775.67769658155
14.029031165417646,47858.81378261848
12.310496884573105,36322.133353497265
14.912836420787237,44775.67769658155
14.751691588887429,47556.69874427051
13.622038452572333,42028.36038354041
12.310496884573105,36322.133353497265
15.972921980829284,49662.99461974184
15.903300142041118,50474.40098656222
14.751691588887429,47556.69874427051
15.903300142041118,50474.40098656222
16.081333296729202,50170.00774717338
16.076420869863334,47714.60284020043
15.903300142041118,50474.40098656222
15.903300142041118,50474.40098656222
15.961321031692489,50470.8464293738
14.029031165417646,47858.81378261848
14.029031165417646,47858.81378261848
15.915392287028924,50306.41123354276
15.972921980829284,49662.99461974184
14.751691588887429,47556.69874427051
14.912836420787237,44775.67769658155
16.076420869863334,47714.60284020043
16.076420869863334,47714.60284020043
16.081333296729202,50170.00774717338
12.310496884573105,36322.133353497265
16.081333296729202,50170.00774717338
15.972921980829284,49662.99461974184
15.903300142041118,50474.40098656222
13.622038452572333,42028.36038354041
13.622038452572333,42028.36038354041
14.029031165417646,47858.81378261848
14.912836420787237,44775.67769658155
16.081333296729202,50170.00774717338
14.751691588887429,47556.69874427051
14.029031165417646,47858.81378261848
15.972921980829284,49662.99461974184
14.029031165417646,47858.81378261848
15.961321031692489,50470.8464293738
14.912836420787237,44775.67769658155
13.622038452572333,42028.36038354041
16.025765738412325,48807.61309985243
14.029031165417646,47858.81378261848
14.912836420787237,44775.67769658155
15.915392287028924,50306.41123354276
14.029031165417646,47858.81378261848
14.029031165417646,47858.81378261848
14.029031165417646,47858.81378261848
12.310496884573105,36322.133353497265
16.076420869863334,47714.60284020043
13.622038452572333,42028.36038354041
15.961321031692489,50470.8464293738
15.915392287028924,50306.41123354276
16.025765738412325,48807.61309985243
14.751691588887429,47556.69874427051
14.029031165417646,47858.81378261848
15.903300142041118,50474.40098656222
15.972921980829284,49662.99461974184
15.961321031692489,50470.8464293738
15.915392287028924,50306.41123354276
16.025765738412325,48807.61309985243
16.025765738412325,48807.61309985243
16.025765738412325,48807.61309985243
16.076420869863334,47714.60284020043
12.310496884573105,36322.133353497265
16.081333296729202,50170.00774717338
14.751691588887429,47556.69874427051
