8.60229355777229,7938.685950988304
8.981710183371156,8463.15309645925
9.154049407987078,8177.883352430327
9.400792469839901,6997.5050997039
9.51047472057909,7329.99724056531
9.51047472057909,7329.99724056531
8.665806043652047,8821.093736660823
9.33679077268275,7800.319425819467
8.981710183371156,8463.15309645925
8.838699499389216,8661.237806739966
9.51047472057909,7329.99724056531
8.838699499389216,8661.237806739966
9.154049407987078,8177.883352430327
9.400792469839901,6997.5050997039
8.636989830933793,7649.477560365261
8.60229355777229,7938.685950988304
9.154049407987078,8177.883352430327
8.73373307203064,8778.874868779338
8.60229355777229,7938.685950988304
9.33679077268275,7800.319425819467
9.33679077268275,7800.319425819467
9.51047472057909,7329.99724056531
8.636989830933793,7649.477560365261
8.665806043652047,8821.093736660823
8.60229355777229,7938.685950988304
9.154049407987078,8177.883352430327
8.60229355777229,7938.685950988304
8.981710183371156,8463.15309645925
9.154049407987078,8177.883352430327
8.60229355777229,7938.685950988304
9.154049407987078,8177.883352430327
9.400792469839901,6997.5050997039
9.51047472057909,7329.99724056531
9.154049407987078,8177.883352430327
8.60229355777229,7938.685950988304
9.400792469839901,6997.5050997039
8.636989830933793,7649.477560365261
8.636989830933793,7649.477560365261
8.60229355777229,7938.685950988304
8.981710183371156,8463.15309645925
9.400792469839901,6997.5050997039
8.838699499389216,8661.237806739966
8.73373307203064,8778.874868779338
9.33679077268275,7800.319425819467
8.838699499389216,8661.237806739966
9.09811807741745,7833.017116986199
8.981710183371156,8463.15309645925
8.60229355777229,7938.685950988304
8.665806043652047,8821.093736660823
8.73373307203064,8778.874868779338
9.51047472057909,7329.99724056531
8.981710183371156,8463.15309645925
8.636989830933793,7649.477560365261
9.154049407987078,8177.883352430327
8.838699499389216,8661.237806739966
8.636989830933793,7649.477560365261
8.60229355777229,7938.685950988304
9.09811807741745,7833.017116986199
8.73373307203064,8778.874868779338
8.665806043652047,8821.093736660823
8.60229355777229,7938.685950988304
9.33679077268275,7800.319425819467
8.60229355777229,7938.685950988304
9.400792469839901,6997.5050997039
8.665806043652047,8821.093736660823
8.665806043652047,8821.093736660823
9.33679077268275,7800.319425819467
9.51047472057909,7329.99724056531
8.636989830933793,7649.477560365261
8.73373307203064,8778.874868779338
8.73373307203064,8778.874868779338
9.400792469839901,6997.5050997039
8.665806043652047,8821.093736660823
8.636989830933793,7649.477560365261
8.73373307203064,8778.874868779338
8.73373307203064,8778.874868779338
9.09811807741745,7833.017116986199
9.154049407987078,8177.883352430327
9.51047472057909,7329.99724056531
9.154049407987078,8177.883352430327
8.73373307203064,8778.874868779338
8.271924892203554,8565.120797961852
9.400792469839901,6997.5050997039
8.838699499389216,8661.237806739966
8.636989830933793,7649.477560365261
8.981710183371156,8463.15309645925
8.981710183371156,8463.15309645925
8.73373307203064,8778.874868779338
9.33679077268275,7800.319425819467
8.60229355777229,7938.685950988304
8.271924892203554,8565.120797961852
8.73373307203064,8778.874868779338
9.51047472057909,7329.99724056531
9.400792469839901,6997.5050997039
9.33679077268275,7800.319425819467
8.60229355777229,7938.685950988304
9.51047472057909,7329.99724056531
8.838699499389216,8661.237806739966
9.33679077268275,7800.319425819467
9.154049407987078,8177.883352430327
8.981710183371156,8463.15309645925
8.60229355777229,7938.685950988304
9.51047472057909,7329.99724056531
8.838699499389216,8661.237806739966
9.51047472057909,7329.99724056531
9.09811807741745,7833.017116986199
8.271924892203554,8565.120797961852
9.33679077268275,7800.319425819467
8.665806043652047,8821.093736660823
9.09811807741745,7833.017116986199
8.271924892203554,8565.120797961852
8.981710183371156,8463.15309645925
9.400792469839901,6997.5050997039
8.60229355777229,7938.685950988304
9.51047472057909,7329.99724056531
8.73373307203064,8778.874868779338
8.636989830933793,7649.477560365261
8.73373307203064,8778.874868779338
9.09811807741745,7833.017116986199
9.33679077268275,7800.319425819467
8.73373307203064,8778.874868779338
8.838699499389216,8661.237806739966
9.154049407987078,8177.883352430327
9.33679077268275,7800.319425819467
9.33679077268275,7800.319425819467
8.73373307203064,8778.874868779338
8.665806043652047,8821.093736660823
9.400792469839901,6997.5050997039
8.838699499389216,8661.237806739966
8.981710183371156,8463.15309645925
8.73373307203064,8778.874868779338
8.665806043652047,8821.093736660823
8.665806043652047,8821.093736660823
8.981710183371156,8463.15309645925
8.60229355777229,7938.685950988304
9.33679077268275,7800.319425819467
8.73373307203064,8778.874868779338
8.60229355777229,7938.685950988304
8.665806043652047,8821.093736660823
9.09811807741745,7833.017116986199
8.271924892203554,8565.120797961852
8.665806043652047,8821.093736660823
8.271924892203554,8565.120797961852
9.51047472057909,7329.99724056531
8.271924892203554,8565.120797961852
9.33679077268275,7800.319425819467
8.73373307203064,8778.874868779338
8.981710183371156,8463.15309645925
8.665806043652047,8821.093736660823
8.271924892203554,8565.120797961852
8.271924892203554,8565.120797961852
9.51047472057909,7329.99724056531
8.838699499389216,8661.237806739966
8.636989830933793,7649.477560365261
9.154049407987078,8177.883352430327
9.09811807741745,7833.017116986199
8.73373307203064,8778.874868779338
9.09811807741745,7833.017116986199
9.33679077268275,7800.319425819467
8.271924892203554,8565.120797961852
8.271924892203554,8565.120797961852
9.09811807741745,7833.017116986199
9.33679077268275,7800.319425819467
8.838699499389216,8661.237806739966
8.60229355777229,7938.685950988304
9.400792469839901,6997.5050997039
9.154049407987078,8177.883352430327
9.400792469839901,6997.5050997039
8.636989830933793,7649.477560365261
8.665806043652047,8821.093736660823
8.838699499389216,8661.237806739966
8.271924892203554,8565.120797961852
9.51047472057909,7329.99724056531
8.636989830933793,7649.477560365261
8.636989830933793,7649.477560365261
9.09811807741745,7833.017116986199
8.981710183371156,8463.15309645925
9.154049407987078,8177.883352430327
8.60229355777229,7938.685950988304
8.636989830933793,7649.477560365261
9.51047472057909,7329.99724056531
9.33679077268275,7800.319425819467
9.154049407987078,8177.883352430327
9.154049407987078,8177.883352430327
9.400792469839901,6997.5050997039
9.154049407987078,8177.883352430327
8.73373307203064,8778.874868779338
9.400792469839901,6997.5050997039
8.60229355777229,7938.685950988304
8.838699499389216,8661.237806739966
8.636989830933793,7649.477560365261
8.636989830933793,7649.477560365261
9.09811807741745,7833.017116986199
9.51047472057909,7329.99724056531
9.400792469839901,6997.5050997039
9.09811807741745,7833.017116986199
9.09811807741745,7833.017116986199
9.154049407987078,8177.883352430327
8.981710183371156,8463.15309645925
8.271924892203554,8565.120797961852
9.400792469839901,6997.5050997039
8.636989830933793,7649.477560365261
8.636989830933793,7649.477560365261
8.60229355777229,7938.685950988304
9.09811807741745,7833.017116986199
9.154049407987078,8177.883352430327
8.636989830933793,7649.477560365261
9.400792469839901,6997.5050997039
9.51047472057909,7329.99724056531
9.33679077268275,7800.319425819467
8.665806043652047,8821.093736660823
8.636989830933793,7649.477560365261
9.09811807741745,7833.017116986199
8.60229355777229,7938.685950988304
8.636989830933793,7649.477560365261
9.154049407987078,8177.883352430327
9.51047472057909,7329.99724056531
8.838699499389216,8661.237806739966
9.09811807741745,7833.017116986199
9.51047472057909,7329.99724056531
9.51047472057909,7329.99724056531
8.665806043652047,8821.093736660823
9.51047472057909,7329.99724056531
8.60229355777229,7938.685950988304
8.981710183371156,8463.15309645925
8.73373307203064,8778.874868779338
8.981710183371156,8463.15309645925
8.981710183371156,8463.15309645925
9.33679077268275,7800.319425819467
9.51047472057909,7329.99724056531
8.838699499389216,8661.237806739966
8.636989830933793,7649.477560365261
8.271924892203554,8565.120797961852
8.636989830933793,7649.477560365261
8.981710183371156,8463.15309645925
8.665806043652047,8821.093736660823
9.09811807741745,7833.017116986199
8.838699499389216,8661.237806739966
9.154049407987078,8177.883352430327
8.271924892203554,8565.120797961852
9.400792469839901,6997.5050997039
8.665806043652047,8821.093736660823
8.838699499389216,8661.237806739966
8.60229355777229,7938.685950988304
8.73373307203064,8778.874868779338
9.33679077268275,7800.319425819467
8.271924892203554,8565.120797961852
9.33679077268275,7800.319425819467
8.838699499389216,8661.237806739966
9.51047472057909,7329.99724056531
8.271924892203554,8565.120797961852
8.838699499389216,8661.237806739966
8.665806043652047,8821.093736660823
9.09811807741745,7833.017116986199
8.981710183371156,8463.15309645925
8.981710183371156,8463.15309645925
9.400792469839901,6997.5050997039
9.400792469839901,6997.5050997039
8.636989830933793,7649.477560365261
8.981710183371156,8463.15309645925
8.73373307203064,8778.874868779338
8.981710183371156,8463.15309645925
9.09811807741745,7833.017116986199
8.838699499389216,8661.237806739966
8.838699499389216,8661.237806739966
8.665806043652047,8821.093736660823
9.09811807741745,7833.017116986199
8.838699499389216,8661.237806739966
8.271924892203554,8565.120797961852
8.838699499389216,8661.237806739966
9.33679077268275,7800.319425819467
9.51047472057909,7329.99724056531
9.33679077268275,7800.319425819467
9.09811807741745,7833.017116986199
9.09811807741745,7833.017116986199
9.400792469839901,6997.5050997039
9.400792469839901,6997.5050997039
8.665806043652047,8821.093736660823
8.271924892203554,8565.120797961852
8.981710183371156,8463.15309645925
9.09811807741745,7833.017116986199
8.271924892203554,8565.120797961852
8.838699499389216,8661.237806739966
8.665806043652047,8821.093736660823
8.73373307203064,8778.874868779338
9.400792469839901,6997.5050997039
8.665806043652047,8821.093736660823
9.154049407987078,8177.883352430327
8.665806043652047,8821.093736660823
8.665806043652047,8821.093736660823
9.33679077268275,7800.319425819467
8.636989830933793,7649.477560365261
8.838699499389216,8661.237806739966
9.154049407987078,8177.883352430327
8.73373307203064,8778.874868779338
8.838699499389216,8661.237806739966
9.400792469839901,6997.5050997039
8.981710183371156,8463.15309645925
9.09811807741745,7833.017116986199
9.33679077268275,7800.319425819467
8.665806043652047,8821.093736660823
9.154049407987078,8177.883352430327
8.981710183371156,8463.15309645925
9.154049407987078,8177.883352430327
9.400792469839901,6997.5050997039
9.09811807741745,7833.017116986199
8.271924892203554,8565.120797961852
9.400792469839901,6997.5050997039
9.09811807741745,7833.017116986199
8.60229355777229,7938.685950988304
8.636989830933793,7649.477560365261
9.400792469839901,6997.5050997039
9.154049407987078,8177.883352430327
8.73373307203064,8778.874868779338
8.60229355777229,7938.685950988304
8.73373307203064,8778.874868779338
8.981710183371156,8463.15309645925
9.51047472057909,7329.99724056531
8.73373307203064,8778.874868779338
8.73373307203064,8778.874868779338
8.838699499389216,8661.237806739966
8.271924892203554,8565.120797961852
8.271924892203554,8565.120797961852
8.665806043652047,8821.093736660823
9.154049407987078,8177.883352430327
8.60229355777229,7938.685950988304
9.09811807741745,7833.017116986199
9.51047472057909,7329.99724056531
9.51047472057909,7329.99724056531
8.981710183371156,8463.15309645925
9.400792469839901,6997.5050997039
8.981710183371156,8463.15309645925
9.154049407987078,8177.883352430327
8.73373307203064,8778.874868779338
8.636989830933793,7649.477560365261
8.636989830933793,7649.477560365261
8.271924892203554,8565.120797961852
9.09811807741745,7833.017116986199
8.981710183371156,8463.15309645925
8.60229355777229,7938.685950988304
8.271924892203554,8565.120797961852
9.154049407987078,8177.883352430327
8.271924892203554,8565.120797961852
8.838699499389216,8661.237806739966
9.09811807741745,7833.017116986199
8.636989830933793,7649.477560365261
9.33679077268275,7800.319425819467
8.271924892203554,8565.120797961852
9.09811807741745,7833.017116986199
8.665806043652047,8821.093736660823
8.271924892203554,8565.120797961852
8.271924892203554,8565.120797961852
8.271924892203554,8565.120797961852
9.400792469839901,6997.5050997039
9.51047472057909,7329.99724056531
8.636989830933793,7649.477560365261
8.838699499389216,8661.237806739966
8.665806043652047,8821.093736660823
9.33679077268275,7800.319425819467
8.60229355777229,7938.685950988304
8.271924892203554,8565.120797961852
8.73373307203064,8778.874868779338
9.154049407987078,8177.883352430327
8.838699499389216,8661.237806739966
8.665806043652047,8821.093736660823
9.33679077268275,7800.319425819467
9.33679077268275,7800.319425819467
9.33679077268275,7800.319425819467
9.51047472057909,7329.99724056531
9.400792469839901,6997.5050997039
8.981710183371156,8463.15309645925
8.60229355777229,7938.685950988304
